#
# Generated Sat Dec 15 21:03:10 2018
#
# (phi,   theta,  psi) = (128.790000, 54.390000, 90.700000)
# (lambdaStart, lambdaCenter, lambdaEnd) = (-150.000000, 0.000000, 150.000000)
# (betaStart, betaCenter, betaEnd) = (-15.000000, 0.000000, 15.000000)
# Lambda Bin size = 6.000000
# Beta Bin size = 30.000000
#
#
# Nbody = 20000
# Evolve backward time = 3.950000
# Evolve forward time = 0.000000
# Timestep = 0.000514
# Sun GC Dist = 8.000000
# Criterion = TreeCode
# Theta = 1.000000
# Quadrupole Moments = true
# Eps = 0.000481
#
#
# Potential: (Milkyway@Home N-body potential)
#
# Disk: MiaymotoNagai
#   mass = 445865.888000
#   a = 6.500000
#   b = 0.260000
#
# Halo: Logarithmic
#   vhalo = 74.610000
#   d = 12.000000
#
#
#Column Headers:
# UseBin,  Lambda,  Beta,  Normalized Counts, Count Error, Beta Dispersion,  Beta Dispersion Error,LOS Velocity Dispersion, Velocity Dispersion Error
#

n = 7658
massPerParticle = 0.001200000000000
totalSimulated = 10000
lambdaBins = 50
betaBins = 1
1 -147.000000000000000 0.000000000000000 0.000000000000000 0.000130582397493 0.000000000000000 0.000000000000000 0.000000000000000 0.000000000000000

1 -141.000000000000000 0.000000000000000 0.000000000000000 0.000130582397493 0.000000000000000 0.000000000000000 0.000000000000000 0.000000000000000

1 -135.000000000000000 0.000000000000000 0.000000000000000 0.000130582397493 0.000000000000000 0.000000000000000 0.000000000000000 0.000000000000000

1 -129.000000000000000 0.000000000000000 0.000000000000000 0.000130582397493 0.000000000000000 0.000000000000000 0.000000000000000 0.000000000000000

1 -123.000000000000000 0.000000000000000 0.000000000000000 0.000130582397493 0.000000000000000 0.000000000000000 0.000000000000000 0.000000000000000

1 -117.000000000000000 0.000000000000000 0.000000000000000 0.000130582397493 0.000000000000000 0.000000000000000 0.000000000000000 0.000000000000000

1 -111.000000000000000 0.000000000000000 0.000000000000000 0.000130582397493 0.000000000000000 0.000000000000000 0.000000000000000 0.000000000000000

1 -105.000000000000000 0.000000000000000 0.000000000000000 0.000130582397493 0.000000000000000 0.000000000000000 0.000000000000000 0.000000000000000

1 -99.000000000000000 0.000000000000000 0.000000000000000 0.000130582397493 0.000000000000000 0.000000000000000 0.000000000000000 0.000000000000000

1 -93.000000000000000 0.000000000000000 0.000000000000000 0.000130582397493 0.000000000000000 0.000000000000000 0.000000000000000 0.000000000000000

1 -87.000000000000000 0.000000000000000 0.000000000000000 0.000130582397493 0.000000000000000 0.000000000000000 0.000000000000000 0.000000000000000

1 -81.000000000000000 0.000000000000000 0.000000000000000 0.000130582397493 0.000000000000000 0.000000000000000 0.000000000000000 0.000000000000000

1 -75.000000000000000 0.000000000000000 0.000130582397493 0.000130582397493 0.000000000000000 0.000000000000000 0.000000000000000 0.000000000000000

1 -69.000000000000000 0.000000000000000 0.005223295899713 0.000825875596806 1.298448625028143 0.213319552850980 4.021743309177630 0.660724242652724

1 -63.000000000000000 0.000000000000000 0.019979106816401 0.001615215053128 1.563048410921370 0.128044261611642 5.967298015308438 0.485590943900198

1 -57.000000000000000 0.000000000000000 0.036563071297989 0.002185061443024 1.954917127291788 0.118751159115822 6.724079511983937 0.406211147018537

1 -51.000000000000000 0.000000000000000 0.041916949595195 0.002339575981610 1.876097944686780 0.107073440231325 6.614189780530788 0.373256573439579

1 -45.000000000000000 0.000000000000000 0.039305301645338 0.002265519923335 1.808712515935521 0.106210006101370 6.275563636541685 0.365994112275142

1 -39.000000000000000 0.000000000000000 0.036040741708018 0.002169397718182 1.530097549672711 0.095258297932498 6.081458022293091 0.372174024228846

1 -33.000000000000000 0.000000000000000 0.036693653695482 0.002188959860831 1.414714279981997 0.085936615020762 5.074917222846813 0.308845436734993

1 -27.000000000000000 0.000000000000000 0.032645599373204 0.002064688992014 0.908519930358329 0.059775116977858 3.583832433126181 0.228493080063028

1 -21.000000000000000 0.000000000000000 0.040349960825281 0.002295429071722 0.954681509887211 0.055026326074802 2.486739281292756 0.146024640130282

1 -15.000000000000000 0.000000000000000 0.034082005745625 0.002109623194229 0.871750963661735 0.054483613510672 2.421207040696074 0.151619561681641

1 -9.000000000000000 0.000000000000000 0.044789762340037 0.002418419845580 0.848115819995818 0.046131018802731 2.390045476431759 0.131966969157292

1 -3.000000000000000 0.000000000000000 0.035648994515539 0.002157575299276 0.806458064768352 0.049169944016597 2.554358415780161 0.156030125839423

1 3.000000000000000 0.000000000000000 0.030295116218334 0.001988971821850 0.793553108997624 0.052668960962425 2.484684686701570 0.167134602890638

1 9.000000000000000 0.000000000000000 0.026638809088535 0.001865089691445 0.754386615450255 0.053746456795236 2.947661870186685 0.210006882556363

1 15.000000000000000 0.000000000000000 0.019587359623923 0.001599301216233 0.754799657569047 0.062252003341299 3.603938030524123 0.299276817635276

1 21.000000000000000 0.000000000000000 0.018803865238966 0.001566988769914 0.720451838719737 0.060670001993689 4.135947233292649 0.348292437334274

1 27.000000000000000 0.000000000000000 0.016975711674066 0.001488868405718 0.639629418734637 0.057206619126002 4.749055818286082 0.423053491781900

1 33.000000000000000 0.000000000000000 0.014494646121703 0.001375770926202 0.562550501589661 0.054635006444263 4.601232294059430 0.444780127623780

1 39.000000000000000 0.000000000000000 0.014625228519196 0.001381954197474 0.559436733744500 0.053579932109882 4.934758870550048 0.470472948729377

1 45.000000000000000 0.000000000000000 0.012927657351789 0.001299278450126 0.544103682781769 0.055817864830144 5.447864395097902 0.555961836903597

1 51.000000000000000 0.000000000000000 0.014494646121703 0.001375770926202 0.524130538618792 0.050665307239404 5.239564545759225 0.501818160505956

1 57.000000000000000 0.000000000000000 0.015539305301645 0.001424485781488 0.489617070890958 0.045653663095927 5.893284228046489 0.544795517900285

1 63.000000000000000 0.000000000000000 0.016714546879081 0.001477371180332 0.517529134292900 0.046851814122563 5.096027674909632 0.455774086862425

1 69.000000000000000 0.000000000000000 0.015800470096631 0.001436406372421 0.488073856828928 0.044927693898072 5.142270698061489 0.473351236971721

1 75.000000000000000 0.000000000000000 0.018803865238966 0.001566988769914 0.483495328345897 0.040715646706949 4.899107886652151 0.411104035362205

1 81.000000000000000 0.000000000000000 0.021546095586315 0.001677361266475 0.511255468212707 0.040166520518210 4.559120773240970 0.359295445112686

1 87.000000000000000 0.000000000000000 0.033559676155654 0.002093395082513 0.464730434183678 0.029274810043314 4.114429394719624 0.258158306133004

1 93.000000000000000 0.000000000000000 0.022199007573779 0.001702586159625 0.671148286652908 0.052246938477316 4.479799117383008 0.346645053515646

1 99.000000000000000 0.000000000000000 0.017759206059023 0.001522839356188 0.693019948663081 0.060089128704485 3.756219140201521 0.325687501194212

1 105.000000000000000 0.000000000000000 0.022068425176286 0.001697571167407 0.599285257154651 0.047524567343165 3.689680104254546 0.285505962138342

1 111.000000000000000 0.000000000000000 0.020893183598851 0.001651751193611 0.722154250512588 0.058571958373313 3.538046704805196 0.282355627125834

1 117.000000000000000 0.000000000000000 0.020893183598851 0.001651751193611 0.773338016560368 0.061914098346243 3.007801051431214 0.242365491837695

1 123.000000000000000 0.000000000000000 0.023896578741186 0.001766485930853 0.967614330994804 0.072119524615906 2.944849783789440 0.220718972537757

1 129.000000000000000 0.000000000000000 0.033820840950640 0.002101524802746 1.040866035034623 0.065180568761227 2.383492827104997 0.151045313394589

1 135.000000000000000 0.000000000000000 0.049229563854792 0.002535451532900 0.838804779379931 0.043904721925661 2.599453436894408 0.135138170026173

1 141.000000000000000 0.000000000000000 0.047662575084879 0.002494773201168 0.853861649008927 0.045064747464341 2.445747451827104 0.129805775459241

1 147.000000000000000 0.000000000000000 0.047401410289893 0.002487928817349 0.725652865282070 0.038459224018677 2.266870066748406 0.120652359436454

