#
# Generated Tue Oct 30 19:17:29 2018
#
# (phi,   theta,  psi) = (128.790000, 54.390000, 90.700000)
# (lambdaStart, lambdaCenter, lambdaEnd) = (-150.000000, 0.000000, 150.000000)
# (betaStart, betaCenter, betaEnd) = (-15.000000, 0.000000, 15.000000)
# Lambda Bin size = 6.000000
# Beta Bin size = 30.000000
#
#
# Nbody = 20000
# Evolve backward time = 3.950000
# Evolve forward time = 0.000000
# Timestep = 0.000514
# Sun GC Dist = 8.000000
# Criterion = TreeCode
# Theta = 1.000000
# Quadrupole Moments = true
# Eps = 0.000481
#
#
# Potential: (Milkyway@Home N-body potential)
#
# Disk: MiaymotoNagai
#   mass = 445865.888000
#   a = 6.500000
#   b = 0.260000
#
# Halo: Logarithmic
#   vhalo = 74.610000
#   d = 12.000000
#
#
#Column Headers:
# UseBin,  Lambda,  Beta,  Normalized Counts, Count Error, Beta Dispersion,  Beta Dispersion Error,LOS Velocity Dispersion, Velocity Dispersion Error
#

n = 8955
massPerParticle = 0.001200000000000
totalSimulated = 10000
lambdaBins = 50
betaBins = 1
1 -147.000000000000000 0.000000000000000 0.000000000000000 0.000111669458403 0.000000000000000 0.000000000000000 0.000000000000000 0.000000000000000

1 -141.000000000000000 0.000000000000000 0.000000000000000 0.000111669458403 0.000000000000000 0.000000000000000 0.000000000000000 0.000000000000000

1 -135.000000000000000 0.000000000000000 0.000000000000000 0.000111669458403 0.000000000000000 0.000000000000000 0.000000000000000 0.000000000000000

1 -129.000000000000000 0.000000000000000 0.000000000000000 0.000111669458403 0.000000000000000 0.000000000000000 0.000000000000000 0.000000000000000

1 -123.000000000000000 0.000000000000000 0.000000000000000 0.000111669458403 0.000000000000000 0.000000000000000 0.000000000000000 0.000000000000000

1 -117.000000000000000 0.000000000000000 0.000000000000000 0.000111669458403 0.000000000000000 0.000000000000000 0.000000000000000 0.000000000000000

1 -111.000000000000000 0.000000000000000 0.000000000000000 0.000111669458403 0.000000000000000 0.000000000000000 0.000000000000000 0.000000000000000

1 -105.000000000000000 0.000000000000000 0.000000000000000 0.000111669458403 0.000000000000000 0.000000000000000 0.000000000000000 0.000000000000000

1 -99.000000000000000 0.000000000000000 0.000000000000000 0.000111669458403 0.000000000000000 0.000000000000000 0.000000000000000 0.000000000000000

1 -93.000000000000000 0.000000000000000 0.000000000000000 0.000111669458403 0.000000000000000 0.000000000000000 0.000000000000000 0.000000000000000

1 -87.000000000000000 0.000000000000000 0.000000000000000 0.000111669458403 0.000000000000000 0.000000000000000 0.000000000000000 0.000000000000000

1 -81.000000000000000 0.000000000000000 0.000111669458403 0.000111669458403 0.000000000000000 0.000000000000000 0.000000000000000 0.000000000000000

1 -75.000000000000000 0.000000000000000 0.000000000000000 0.000111669458403 0.000000000000000 0.000000000000000 0.000000000000000 0.000000000000000

1 -69.000000000000000 0.000000000000000 0.000670016750419 0.000273533192941 0.000000000000000 0.000000000000000 0.000000000000000 0.000000000000000

1 -63.000000000000000 0.000000000000000 0.003015075376884 0.000580251526824 1.820343051249774 0.378934623715109 6.868794229442532 1.371800528647893

1 -57.000000000000000 0.000000000000000 0.013512004466778 0.001228364042434 1.333055743395635 0.127091653891909 6.746985177384457 0.626396470842914

1 -51.000000000000000 0.000000000000000 0.035064209938582 0.001978787844408 1.529680247200922 0.088909853805048 6.903148366291783 0.392702316536438

1 -45.000000000000000 0.000000000000000 0.047906197654941 0.002312933018114 1.507116992302796 0.075167701833132 7.337975339468978 0.357205058905558

1 -39.000000000000000 0.000000000000000 0.050809603573423 0.002381990955634 1.255463855127595 0.060827089699883 7.504250463699723 0.354145730418381

1 -33.000000000000000 0.000000000000000 0.067225013958682 0.002739887023202 1.012570421528429 0.042117251729858 5.271586724386712 0.217581041366759

1 -27.000000000000000 0.000000000000000 0.087325516471245 0.003122754093603 0.939002162438240 0.034128554772688 4.171054025399648 0.150022135822464

1 -21.000000000000000 0.000000000000000 0.073143495254048 0.002857952851384 1.043657649053280 0.041125773987073 2.820369665408740 0.111224254362836

1 -15.000000000000000 0.000000000000000 0.050809603573423 0.002381990955634 1.055273810332779 0.049801204818454 2.377732899378040 0.112714783969154

1 -9.000000000000000 0.000000000000000 0.063763260748185 0.002668409412696 0.673193322068489 0.028652917066899 1.616897446637766 0.069451457097777

1 -3.000000000000000 0.000000000000000 0.164712451144612 0.004288746927900 0.438306664332628 0.011619178134755 1.618835584913483 0.042454167996478

1 3.000000000000000 0.000000000000000 0.027024008933557 0.001737169088342 0.734188980802509 0.047790784645665 2.661085596006837 0.173586980288022

1 9.000000000000000 0.000000000000000 0.019430485762144 0.001473021324207 0.733613406603576 0.056263666774467 3.326667821940290 0.255135099928910

1 15.000000000000000 0.000000000000000 0.020100502512563 0.001498203000000 0.623651809111672 0.047690243031412 3.576326060593719 0.268804690902509

1 21.000000000000000 0.000000000000000 0.020212171970966 0.001502358910896 0.672071959361555 0.051243304074562 4.485614618266788 0.335260286980576

1 27.000000000000000 0.000000000000000 0.016303740926857 0.001349307199731 0.631962655588866 0.053030552484595 4.291722476142627 0.360135859306946

1 33.000000000000000 0.000000000000000 0.018983807928532 0.001455991603619 0.697206269494864 0.054775648712356 5.031682948612762 0.389349602357741

1 39.000000000000000 0.000000000000000 0.017308766052485 0.001390273545281 0.662889097415942 0.053942830019479 5.136253788323476 0.416587512807570

1 45.000000000000000 0.000000000000000 0.018202121719710 0.001425700204892 0.587928574026086 0.049510079426954 5.736066579581725 0.456319016864368

1 51.000000000000000 0.000000000000000 0.014963707426019 0.001292667437498 0.831598967634692 0.074080166770297 6.330218933263207 0.557311971513792

1 57.000000000000000 0.000000000000000 0.013735343383585 0.001238474205071 0.723501945109722 0.066883014909086 6.567685776039425 0.597022553709557

1 63.000000000000000 0.000000000000000 0.013288665549972 0.001218169973717 0.662961893956714 0.062639147619556 5.879700551012676 0.550643129004888

1 69.000000000000000 0.000000000000000 0.009603573422669 0.001035579954829 0.822717866354177 0.090840957309432 5.912844196599549 0.656886151490701

1 75.000000000000000 0.000000000000000 0.010831937465103 0.001099816616616 0.892778130119532 0.094622736960092 5.145417424397237 0.533495179894066

1 81.000000000000000 0.000000000000000 0.009491903964266 0.001029541536269 1.055394285765209 0.117978901732648 5.442872656532829 0.604674764550703

1 87.000000000000000 0.000000000000000 0.008933556672250 0.000998802000000 1.045527422205314 0.121518769379007 5.558409228814170 0.633336713856605

1 93.000000000000000 0.000000000000000 0.009826912339475 0.001047552375170 0.834001986289626 0.091530788723028 5.487733597124815 0.595148720786378

1 99.000000000000000 0.000000000000000 0.008598548297041 0.000979895520647 0.996556585956797 0.115827024112462 4.823750465096100 0.556903536854697

1 105.000000000000000 0.000000000000000 0.009603573422669 0.001035579954829 1.042714693287053 0.114436775761479 4.300445685311413 0.474836658941267

1 111.000000000000000 0.000000000000000 0.009045226130653 0.001005025125628 0.957203188468339 0.108364768336552 4.038694285071715 0.460177230837763

1 117.000000000000000 0.000000000000000 0.008486878838638 0.000973511768518 1.133829048785452 0.133598296715453 3.518312756075162 0.417467455158302

1 123.000000000000000 0.000000000000000 0.010831937465103 0.001099816616616 0.941081097128759 0.097574635408016 2.967951411214847 0.306087246619875

1 129.000000000000000 0.000000000000000 0.008821887213847 0.000992539856763 1.101284923154952 0.127999309970431 2.744689686782470 0.314785074509278

1 135.000000000000000 0.000000000000000 0.009268565047460 0.001017357183601 1.106445674276133 0.125260478249942 2.616273327297787 0.296187744079064

1 141.000000000000000 0.000000000000000 0.013735343383585 0.001238474205071 0.916742390747723 0.085111228665702 2.663062990032265 0.244105770616268

1 147.000000000000000 0.000000000000000 0.015298715801228 0.001307057499801 0.879510289876651 0.077133694235184 3.058747949957571 0.265212422231349

