#
# Generated Tue Nov  6 21:04:54 2018
#
# (phi,   theta,  psi) = (128.790000, 54.390000, 90.700000)
# (lambdaStart, lambdaCenter, lambdaEnd) = (-150.000000, 0.000000, 150.000000)
# (betaStart, betaCenter, betaEnd) = (-15.000000, 0.000000, 15.000000)
# Lambda Bin size = 6.000000
# Beta Bin size = 30.000000
#
#
# Nbody = 20001
# Evolve backward time = 3.950000
# Evolve forward time = 0.000000
# Timestep = 0.000514
# Sun GC Dist = 8.000000
# Criterion = TreeCode
# Theta = 1.000000
# Quadrupole Moments = true
# Eps = 0.000481
#
#
# Potential: (Milkyway@Home N-body potential)
#
# Disk: MiaymotoNagai
#   mass = 445865.888000
#   a = 6.500000
#   b = 0.260000
#
# Halo: Logarithmic
#   vhalo = 74.610000
#   d = 12.000000
#
#
#Column Headers:
# UseBin,  Lambda,  Beta,  Normalized Counts, Count Error, Beta Dispersion,  Beta Dispersion Error,LOS Velocity Dispersion, Velocity Dispersion Error
#

n = 8462
massPerParticle = 0.001200000000000
totalSimulated = 10001
lambdaBins = 50
betaBins = 1
1 -147.000000000000000 0.000000000000000 0.000000000000000 0.000118175372252 0.000000000000000 0.000000000000000 0.000000000000000 0.000000000000000

1 -141.000000000000000 0.000000000000000 0.000000000000000 0.000118175372252 0.000000000000000 0.000000000000000 0.000000000000000 0.000000000000000

1 -135.000000000000000 0.000000000000000 0.000000000000000 0.000118175372252 0.000000000000000 0.000000000000000 0.000000000000000 0.000000000000000

1 -129.000000000000000 0.000000000000000 0.000000000000000 0.000118175372252 0.000000000000000 0.000000000000000 0.000000000000000 0.000000000000000

1 -123.000000000000000 0.000000000000000 0.000000000000000 0.000118175372252 0.000000000000000 0.000000000000000 0.000000000000000 0.000000000000000

1 -117.000000000000000 0.000000000000000 0.000000000000000 0.000118175372252 0.000000000000000 0.000000000000000 0.000000000000000 0.000000000000000

1 -111.000000000000000 0.000000000000000 0.000000000000000 0.000118175372252 0.000000000000000 0.000000000000000 0.000000000000000 0.000000000000000

1 -105.000000000000000 0.000000000000000 0.000000000000000 0.000118175372252 0.000000000000000 0.000000000000000 0.000000000000000 0.000000000000000

1 -99.000000000000000 0.000000000000000 0.000000000000000 0.000118175372252 0.000000000000000 0.000000000000000 0.000000000000000 0.000000000000000

1 -93.000000000000000 0.000000000000000 0.000000000000000 0.000118175372252 0.000000000000000 0.000000000000000 0.000000000000000 0.000000000000000

1 -87.000000000000000 0.000000000000000 0.000118175372252 0.000118175372252 0.000000000000000 0.000000000000000 0.000000000000000 0.000000000000000

1 -81.000000000000000 0.000000000000000 0.000118175372252 0.000118175372252 0.000000000000000 0.000000000000000 0.000000000000000 0.000000000000000

1 -75.000000000000000 0.000000000000000 0.000000000000000 0.000118175372252 0.000000000000000 0.000000000000000 0.000000000000000 0.000000000000000

1 -69.000000000000000 0.000000000000000 0.000118175372252 0.000118175372252 0.000000000000000 0.000000000000000 0.000000000000000 0.000000000000000

1 -63.000000000000000 0.000000000000000 0.000945402978019 0.000334250428356 0.000000000000000 0.000000000000000 0.000000000000000 0.000000000000000

1 -57.000000000000000 0.000000000000000 0.004017962656582 0.000689074910759 1.308636879486842 0.242746328577704 3.497235623794833 0.637860967757644

1 -51.000000000000000 0.000000000000000 0.009690380524699 0.001070123509588 1.131947041260750 0.128976401315585 3.877559762973550 0.438977711825353

1 -45.000000000000000 0.000000000000000 0.014653746159300 0.001315945252382 0.983211490087551 0.093314930682039 3.228942133605329 0.293520631790632

1 -39.000000000000000 0.000000000000000 0.018789884188135 0.001490134745086 1.175791663692510 0.095365249643830 2.886679762834053 0.231110033262236

1 -33.000000000000000 0.000000000000000 0.021271567005436 0.001585488993737 1.232568994826038 0.092905434771113 2.040360508194104 0.153793078439666

1 -27.000000000000000 0.000000000000000 0.020798865516426 0.001567773476887 1.357942429935909 0.104453516637426 1.946089779960068 0.149694064142747

1 -21.000000000000000 0.000000000000000 0.017253604348854 0.001427918455873 1.394211193759169 0.117407981157082 2.064221308095796 0.172010316573469

1 -15.000000000000000 0.000000000000000 0.016308201370834 0.001388246292185 1.108746436335095 0.098379378162659 2.493835993172363 0.215422883076807

1 -9.000000000000000 0.000000000000000 0.015717324509572 0.001362864877650 1.444272526474280 0.126663754513853 2.992543552429542 0.262448253323953

1 -3.000000000000000 0.000000000000000 0.013471992436776 0.001261767697002 1.267920422827901 0.122564080976805 3.327889705114337 0.315844353204786

1 3.000000000000000 0.000000000000000 0.010163082013708 0.001095913317832 1.491847530102200 0.163728604163463 3.490103753836456 0.380749442136038

1 9.000000000000000 0.000000000000000 0.009808555896951 0.001076628879596 1.513569624402793 0.170263605830861 4.300873954953834 0.483811445465162

1 15.000000000000000 0.000000000000000 0.010990309619475 0.001139642018553 1.309158571030553 0.137980945898868 4.621604051344364 0.487101648864851

1 21.000000000000000 0.000000000000000 0.007326873079650 0.000930513811630 1.266284932865557 0.163433451239544 4.721035944212993 0.614458574585355

1 27.000000000000000 0.000000000000000 0.009217679035689 0.001043696628023 1.133264922349193 0.129972756023517 5.041491791945784 0.582041842809669

1 33.000000000000000 0.000000000000000 0.007681399196407 0.000952760310600 1.199595080324629 0.151098439277545 5.688395167188841 0.716498129955291

1 39.000000000000000 0.000000000000000 0.008272276057670 0.000988726100844 1.116260081882730 0.135338389255839 5.556460255581944 0.678684968487939

1 45.000000000000000 0.000000000000000 0.010517608130466 0.001114864232103 0.963512651235257 0.103286208841949 5.548808209359789 0.594818721685806

1 51.000000000000000 0.000000000000000 0.012172063342000 0.001199349038654 0.766551688917775 0.077823509143273 5.038815288471494 0.508945792061438

1 57.000000000000000 0.000000000000000 0.011935712597495 0.001187647792617 0.680302516056101 0.068713989907058 4.226931164008827 0.426941395168353

1 63.000000000000000 0.000000000000000 0.018435358071378 0.001476009926353 0.726091856237370 0.059481136313197 4.743138914060089 0.384703039324320

1 69.000000000000000 0.000000000000000 0.021271567005436 0.001585488993737 0.759496365057585 0.057247375440199 4.249574874673893 0.320313591353721

1 75.000000000000000 0.000000000000000 0.025644055778776 0.001740831938390 0.695789799262710 0.048476846473909 4.103512523258521 0.281824214183028

1 81.000000000000000 0.000000000000000 0.027653037107067 0.001807735587424 0.702064497221433 0.047118540541413 3.840006368339489 0.255995434440188

1 87.000000000000000 0.000000000000000 0.017253604348854 0.001427918455873 0.786592755720633 0.066475901031940 3.426645338326720 0.288561383752425

1 93.000000000000000 0.000000000000000 0.014653746159300 0.001315945252382 0.600344720282978 0.055497936320252 3.335443039089613 0.305738503539404

1 99.000000000000000 0.000000000000000 0.016780902859844 0.001408222085537 0.794322912133468 0.067370176930680 3.263765730640955 0.277815911952478

1 105.000000000000000 0.000000000000000 0.336799810919404 0.006308838485010 0.286556949639540 0.005459465008149 1.826687035975100 0.034435155243960

1 111.000000000000000 0.000000000000000 0.036634365398251 0.002080692136807 0.503003511813982 0.029742861330526 2.180933116732418 0.126762730264764

1 117.000000000000000 0.000000000000000 0.021744268494446 0.001603008740989 0.636599462901083 0.048120851316832 1.836980876356595 0.140885211431594

1 123.000000000000000 0.000000000000000 0.036161663909241 0.002067224732278 0.788331494773924 0.045666308241162 1.795389883517560 0.104886587563018

1 129.000000000000000 0.000000000000000 0.059205861498464 0.002645122817963 0.651095132399834 0.029503813085819 2.302153004205044 0.104106524778132

1 135.000000000000000 0.000000000000000 0.047270148900969 0.002363507445048 0.633061678759250 0.032647434185661 3.100047346883671 0.156775115376237

1 141.000000000000000 0.000000000000000 0.035570787047979 0.002050266080465 0.616473217352718 0.037797869890888 4.173659099738108 0.242997063443173

1 147.000000000000000 0.000000000000000 0.033561805719688 0.001991526772200 1.166008637517633 0.070312046710619 3.533120151286892 0.213440781991155

