#
# Generated Tue Nov  6 20:45:08 2018
#
# (phi,   theta,  psi) = (128.790000, 54.390000, 90.700000)
# (lambdaStart, lambdaCenter, lambdaEnd) = (-150.000000, 0.000000, 150.000000)
# (betaStart, betaCenter, betaEnd) = (-15.000000, 0.000000, 15.000000)
# Lambda Bin size = 6.000000
# Beta Bin size = 30.000000
#
#
# Nbody = 20000
# Evolve backward time = 3.950000
# Evolve forward time = 0.000000
# Timestep = 0.000514
# Sun GC Dist = 8.000000
# Criterion = TreeCode
# Theta = 1.000000
# Quadrupole Moments = true
# Eps = 0.000481
#
#
# Potential: (Milkyway@Home N-body potential)
#
# Disk: MiaymotoNagai
#   mass = 445865.888000
#   a = 6.500000
#   b = 0.260000
#
# Halo: Logarithmic
#   vhalo = 74.610000
#   d = 12.000000
#
#
#Column Headers:
# UseBin,  Lambda,  Beta,  Normalized Counts, Count Error, Beta Dispersion,  Beta Dispersion Error,LOS Velocity Dispersion, Velocity Dispersion Error
#

n = 8951
massPerParticle = 0.001200000000000
totalSimulated = 10000
lambdaBins = 50
betaBins = 1
1 -147.000000000000000 0.000000000000000 0.000000000000000 0.000111719360965 0.000000000000000 0.000000000000000 0.000000000000000 0.000000000000000

1 -141.000000000000000 0.000000000000000 0.000000000000000 0.000111719360965 0.000000000000000 0.000000000000000 0.000000000000000 0.000000000000000

1 -135.000000000000000 0.000000000000000 0.000000000000000 0.000111719360965 0.000000000000000 0.000000000000000 0.000000000000000 0.000000000000000

1 -129.000000000000000 0.000000000000000 0.000000000000000 0.000111719360965 0.000000000000000 0.000000000000000 0.000000000000000 0.000000000000000

1 -123.000000000000000 0.000000000000000 0.000000000000000 0.000111719360965 0.000000000000000 0.000000000000000 0.000000000000000 0.000000000000000

1 -117.000000000000000 0.000000000000000 0.000000000000000 0.000111719360965 0.000000000000000 0.000000000000000 0.000000000000000 0.000000000000000

1 -111.000000000000000 0.000000000000000 0.000000000000000 0.000111719360965 0.000000000000000 0.000000000000000 0.000000000000000 0.000000000000000

1 -105.000000000000000 0.000000000000000 0.000000000000000 0.000111719360965 0.000000000000000 0.000000000000000 0.000000000000000 0.000000000000000

1 -99.000000000000000 0.000000000000000 0.000000000000000 0.000111719360965 0.000000000000000 0.000000000000000 0.000000000000000 0.000000000000000

1 -93.000000000000000 0.000000000000000 0.000000000000000 0.000111719360965 0.000000000000000 0.000000000000000 0.000000000000000 0.000000000000000

1 -87.000000000000000 0.000000000000000 0.000000000000000 0.000111719360965 0.000000000000000 0.000000000000000 0.000000000000000 0.000000000000000

1 -81.000000000000000 0.000000000000000 0.000111719360965 0.000111719360965 0.000000000000000 0.000000000000000 0.000000000000000 0.000000000000000

1 -75.000000000000000 0.000000000000000 0.000000000000000 0.000111719360965 0.000000000000000 0.000000000000000 0.000000000000000 0.000000000000000

1 -69.000000000000000 0.000000000000000 0.000670316165792 0.000273655428755 0.000000000000000 0.000000000000000 0.000000000000000 0.000000000000000

1 -63.000000000000000 0.000000000000000 0.003128142107027 0.000591163291490 1.751173863947203 0.356906510809501 6.696379348051684 1.311529759710011

1 -57.000000000000000 0.000000000000000 0.013406323315831 0.001223824282215 1.361561653807395 0.130403272745649 5.707942843845917 0.539308032118958

1 -51.000000000000000 0.000000000000000 0.034744721260194 0.001970192390632 1.549577233938564 0.090372144556827 6.463582518245449 0.369494511202493

1 -45.000000000000000 0.000000000000000 0.048151044576025 0.002319354205343 1.469722617029794 0.073302651365840 6.714313936888850 0.328013845548904

1 -39.000000000000000 0.000000000000000 0.051837783487878 0.002406508683783 1.215959615984791 0.058502572985499 6.776061801738994 0.316969293934659

1 -33.000000000000000 0.000000000000000 0.064462071276952 0.002683591140535 1.028700754612042 0.043784268860523 4.801917685008091 0.202376066640808

1 -27.000000000000000 0.000000000000000 0.088146575801586 0.003138101196556 0.922201046672230 0.033429704326691 3.757956757100673 0.134989567790850

1 -21.000000000000000 0.000000000000000 0.071723829739694 0.002830713765908 1.058563719665494 0.042074026049464 2.558777577842064 0.102024886710765

1 -15.000000000000000 0.000000000000000 0.051614344765948 0.002401316641739 1.050248280940516 0.049182146949420 2.114965717432931 0.100258487404106

1 -9.000000000000000 0.000000000000000 0.068930845715563 0.002775051357027 0.691891093120435 0.028269825275589 1.674563454326411 0.068650215598435

1 -3.000000000000000 0.000000000000000 0.151156295385990 0.004109389824098 0.477523279312485 0.013223776419968 1.783569937747751 0.048814547480267

1 3.000000000000000 0.000000000000000 0.029829069377723 0.001825509399885 0.802681821986343 0.049400950288133 2.396589828112299 0.149492928863063

1 9.000000000000000 0.000000000000000 0.022902468997877 0.001599577819604 0.754648828610916 0.053227526187481 3.016036492221346 0.212729623747788

1 15.000000000000000 0.000000000000000 0.018992291364093 0.001456642253425 0.703469193652907 0.055097923465371 3.431735072161501 0.265546279324211

1 21.000000000000000 0.000000000000000 0.022232152832086 0.001575995528954 0.626814778011438 0.045958982081274 3.898016474857895 0.279135528165862

1 27.000000000000000 0.000000000000000 0.019997765612781 0.001494703179562 0.596398926595206 0.045740154376343 3.876038022779293 0.292158085435614

1 33.000000000000000 0.000000000000000 0.019886046251815 0.001490522183457 0.525818292891456 0.041310641280981 4.480894156037586 0.338712886226000

1 39.000000000000000 0.000000000000000 0.017986817115406 0.001417559774377 0.641768017688186 0.051881695452358 4.677977859824759 0.370973373989915

1 45.000000000000000 0.000000000000000 0.016981342866719 0.001377368786274 0.732409154152531 0.062343603639489 4.898799136181473 0.404027820012657

1 51.000000000000000 0.000000000000000 0.013741481398726 0.001239027651258 0.689550660908741 0.064577495101308 4.958739008873839 0.454535552323315

1 57.000000000000000 0.000000000000000 0.013518042676796 0.001228912970618 0.831344388643299 0.077182797562199 4.896037981168381 0.450685265464581

1 63.000000000000000 0.000000000000000 0.010948497374595 0.001105965248197 0.852783069743422 0.087948212627566 4.965128415528983 0.512057737899858

1 69.000000000000000 0.000000000000000 0.010054742486873 0.001059862918166 0.727955435184422 0.079415583431206 4.955149270005726 0.534257690871557

1 75.000000000000000 0.000000000000000 0.010389900569769 0.001077382500390 0.994619985888166 0.105416633903594 4.128542259202233 0.437571166946945

1 81.000000000000000 0.000000000000000 0.011507094179421 0.001133827680158 1.065035995974407 0.108126874898216 4.761153465187426 0.476069128458495

1 87.000000000000000 0.000000000000000 0.009719584403977 0.001042048827292 0.965464972337889 0.107926012708302 4.509733487469131 0.491984946765150

1 93.000000000000000 0.000000000000000 0.009384426321081 0.001023924856431 0.862714934862967 0.097048033500185 4.891737874391878 0.543446564727437

1 99.000000000000000 0.000000000000000 0.009272706960116 0.001017811817578 0.939803924703550 0.105719883918230 4.497139802648347 0.499608777003835

1 105.000000000000000 0.000000000000000 0.009496145682047 0.001030001615160 0.986333628533564 0.109576521854894 3.949467249979040 0.436083134355922

1 111.000000000000000 0.000000000000000 0.010948497374595 0.001105965248197 0.883930462185080 0.090679612395277 3.036990409629845 0.314885967703938

1 117.000000000000000 0.000000000000000 0.008155513350464 0.000954530638512 1.274459859438750 0.152297287686100 3.958351654688566 0.473020955703021

1 123.000000000000000 0.000000000000000 0.009272706960116 0.001017811817578 1.059002081397912 0.118382204812988 2.442844085404143 0.276553856679816

1 129.000000000000000 0.000000000000000 0.009719584403977 0.001042048827292 1.187916922393067 0.129594630247864 2.683513988712673 0.296302037013219

1 135.000000000000000 0.000000000000000 0.008602390794325 0.000980333413852 1.094552570411949 0.128084603961214 3.030176463581681 0.357043607866118

1 141.000000000000000 0.000000000000000 0.013741481398726 0.001239027651258 1.057157467247614 0.097727282035781 3.116166532179728 0.284446512978395

1 147.000000000000000 0.000000000000000 0.014635236286448 0.001278686531366 0.826524620460630 0.074825116731741 3.437024357225934 0.306175629704144

