#
# Generated Tue Nov  6 20:20:02 2018
#
# (phi,   theta,  psi) = (128.790000, 54.390000, 90.700000)
# (lambdaStart, lambdaCenter, lambdaEnd) = (-150.000000, 0.000000, 150.000000)
# (betaStart, betaCenter, betaEnd) = (-15.000000, 0.000000, 15.000000)
# Lambda Bin size = 6.000000
# Beta Bin size = 30.000000
#
#
# Nbody = 20001
# Evolve backward time = 3.950000
# Evolve forward time = 0.000000
# Timestep = 0.000514
# Sun GC Dist = 8.000000
# Criterion = TreeCode
# Theta = 1.000000
# Quadrupole Moments = true
# Eps = 0.000481
#
#
# Potential: (Milkyway@Home N-body potential)
#
# Disk: MiaymotoNagai
#   mass = 445865.888000
#   a = 6.500000
#   b = 0.260000
#
# Halo: Logarithmic
#   vhalo = 74.610000
#   d = 12.000000
#
#
#Column Headers:
# UseBin,  Lambda,  Beta,  Normalized Counts, Count Error, Beta Dispersion,  Beta Dispersion Error,LOS Velocity Dispersion, Velocity Dispersion Error
#

n = 8460
massPerParticle = 0.001200000000000
totalSimulated = 10001
lambdaBins = 50
betaBins = 1
1 -147.000000000000000 0.000000000000000 0.000000000000000 0.000118203309693 0.000000000000000 0.000000000000000 0.000000000000000 0.000000000000000

1 -141.000000000000000 0.000000000000000 0.000000000000000 0.000118203309693 0.000000000000000 0.000000000000000 0.000000000000000 0.000000000000000

1 -135.000000000000000 0.000000000000000 0.000000000000000 0.000118203309693 0.000000000000000 0.000000000000000 0.000000000000000 0.000000000000000

1 -129.000000000000000 0.000000000000000 0.000000000000000 0.000118203309693 0.000000000000000 0.000000000000000 0.000000000000000 0.000000000000000

1 -123.000000000000000 0.000000000000000 0.000000000000000 0.000118203309693 0.000000000000000 0.000000000000000 0.000000000000000 0.000000000000000

1 -117.000000000000000 0.000000000000000 0.000000000000000 0.000118203309693 0.000000000000000 0.000000000000000 0.000000000000000 0.000000000000000

1 -111.000000000000000 0.000000000000000 0.000000000000000 0.000118203309693 0.000000000000000 0.000000000000000 0.000000000000000 0.000000000000000

1 -105.000000000000000 0.000000000000000 0.000000000000000 0.000118203309693 0.000000000000000 0.000000000000000 0.000000000000000 0.000000000000000

1 -99.000000000000000 0.000000000000000 0.000000000000000 0.000118203309693 0.000000000000000 0.000000000000000 0.000000000000000 0.000000000000000

1 -93.000000000000000 0.000000000000000 0.000000000000000 0.000118203309693 0.000000000000000 0.000000000000000 0.000000000000000 0.000000000000000

1 -87.000000000000000 0.000000000000000 0.000118203309693 0.000118203309693 0.000000000000000 0.000000000000000 0.000000000000000 0.000000000000000

1 -81.000000000000000 0.000000000000000 0.000118203309693 0.000118203309693 0.000000000000000 0.000000000000000 0.000000000000000 0.000000000000000

1 -75.000000000000000 0.000000000000000 0.000000000000000 0.000118203309693 0.000000000000000 0.000000000000000 0.000000000000000 0.000000000000000

1 -69.000000000000000 0.000000000000000 0.000118203309693 0.000118203309693 0.000000000000000 0.000000000000000 0.000000000000000 0.000000000000000

1 -63.000000000000000 0.000000000000000 0.000827423167849 0.000312736561592 0.000000000000000 0.000000000000000 0.000000000000000 0.000000000000000

1 -57.000000000000000 0.000000000000000 0.003782505910165 0.000668658894739 1.267348748867199 0.243600824094621 2.110447617011415 0.421487827410854

1 -51.000000000000000 0.000000000000000 0.009219858156028 0.001043943364814 1.108352158511889 0.129699432544498 2.510319908274935 0.297863475022563

1 -45.000000000000000 0.000000000000000 0.015839243498818 0.001368302234372 0.995858322671372 0.090526541495521 2.814819198092482 0.247816458369334

1 -39.000000000000000 0.000000000000000 0.018557919621749 0.001481083225312 1.209481561322288 0.098749453236797 2.518686543112891 0.204283784598538

1 -33.000000000000000 0.000000000000000 0.021040189125296 0.001577028849188 1.223746151915898 0.092768944235061 2.120275087533429 0.160732420731564

1 -27.000000000000000 0.000000000000000 0.021040189125296 0.001577028849188 1.361022286457783 0.104076477714053 2.149116000216992 0.163863114889131

1 -21.000000000000000 0.000000000000000 0.017848699763593 0.001452506587168 1.298341251086269 0.108189993361593 2.044094238363823 0.167451331377269

1 -15.000000000000000 0.000000000000000 0.016548463356974 0.001398600421537 1.173282551093525 0.102115407912779 2.640409676398725 0.226401285796908

1 -9.000000000000000 0.000000000000000 0.015011820330969 0.001332083648887 1.508861892363595 0.135491194512419 2.980348601988139 0.266553823734275

1 -3.000000000000000 0.000000000000000 0.013120567375887 0.001245349143363 1.243537635067039 0.121927941076110 3.241838999544920 0.313373781587805

1 3.000000000000000 0.000000000000000 0.010756501182033 0.001127587708531 1.511633749134481 0.161120580394881 3.670543168270976 0.389029288458785

1 9.000000000000000 0.000000000000000 0.009219858156028 0.001043943364814 1.490428653010945 0.173228412679103 3.996405541674576 0.464491196547853

1 15.000000000000000 0.000000000000000 0.010992907801418 0.001139911437470 1.362566010813162 0.142819033623157 4.498706038146463 0.474148608274215

1 21.000000000000000 0.000000000000000 0.007801418439716 0.000960288227498 1.187319198234468 0.148380300198519 4.063557051339447 0.511836984365171

1 27.000000000000000 0.000000000000000 0.008392434988180 0.000995998791156 1.169101840823215 0.140715001026175 4.676188947447296 0.562833715217917

1 33.000000000000000 0.000000000000000 0.008392434988180 0.000995998791156 1.235657087359985 0.148725698860783 4.960426814198661 0.601415553553451

1 39.000000000000000 0.000000000000000 0.009219858156028 0.001043943364814 0.990030902096635 0.114299384879578 4.657021262963382 0.537654597043955

1 45.000000000000000 0.000000000000000 0.008392434988180 0.000995998791156 0.966125066675063 0.116284386014539 3.748385654087181 0.461293095997819

1 51.000000000000000 0.000000000000000 0.014302600472813 0.001300236406619 0.840764941668506 0.077393266226002 3.769366268249876 0.349951521408464

1 57.000000000000000 0.000000000000000 0.012293144208038 0.001205441965388 0.795634675206254 0.079555744036889 4.288339439510306 0.426665105291119

1 63.000000000000000 0.000000000000000 0.015839243498818 0.001368302234372 0.602487791913418 0.054320989803439 3.299875536432114 0.293958193280848

1 69.000000000000000 0.000000000000000 0.021040189125296 0.001577028849188 0.723030779947776 0.055289687468423 3.671653045229413 0.278338261632212

1 75.000000000000000 0.000000000000000 0.023522458628842 0.001667462881757 0.625266987876194 0.045360397995756 3.131179188975136 0.225967358082128

1 81.000000000000000 0.000000000000000 0.025413711583924 0.001733200744517 0.676979748003071 0.047868518040875 2.837097373485745 0.199120437419131

1 87.000000000000000 0.000000000000000 0.020449172576832 0.001554721801178 0.812557935429976 0.062688023652746 2.487862941761602 0.193672880707860

1 93.000000000000000 0.000000000000000 0.016548463356974 0.001398600421537 0.759778408809683 0.064908866066347 2.172880432770490 0.189114354024318

1 99.000000000000000 0.000000000000000 0.015130023640662 0.001337317789478 0.690491491505152 0.062255504215765 2.749316610056625 0.247881536432483

1 105.000000000000000 0.000000000000000 0.084397163120567 0.003158484448200 0.388767991994393 0.014886663940481 1.696798423984127 0.065213119353478

1 111.000000000000000 0.000000000000000 0.287115839243499 0.005825636657377 0.285031038971695 0.005926581464351 1.670637786993709 0.034201645745324

1 117.000000000000000 0.000000000000000 0.023167848699764 0.001654846335697 0.685421715376158 0.050121589271474 2.244260729126501 0.165895653088740

1 123.000000000000000 0.000000000000000 0.034988179669031 0.002033646635235 0.836952482713400 0.049231915587115 1.864344484591325 0.110822407064944

1 129.000000000000000 0.000000000000000 0.056973995271868 0.002595094373534 0.671526387140075 0.030909369497650 2.327302845348611 0.108041823622530

1 135.000000000000000 0.000000000000000 0.049763593380615 0.002425329140506 0.679759549219998 0.033945362449447 3.118752241589674 0.154211458209509

1 141.000000000000000 0.000000000000000 0.038179669030733 0.002124373611774 0.651699544583702 0.038202857349946 4.719735917726911 0.265503254986746

1 147.000000000000000 0.000000000000000 0.034515366430260 0.002019859041446 1.114702806619782 0.066615393595301 4.227221919774832 0.249957848047233

