#
# Generated Sun Dec 16 21:47:05 2018
#
# (phi,   theta,  psi) = (128.790000, 54.390000, 90.700000)
# (lambdaStart, lambdaCenter, lambdaEnd) = (-150.000000, 0.000000, 150.000000)
# (betaStart, betaCenter, betaEnd) = (-15.000000, 0.000000, 15.000000)
# Lambda Bin size = 6.000000
# Beta Bin size = 30.000000
#
#
# Nbody = 20001
# Evolve backward time = 3.950000
# Evolve forward time = 0.000000
# Timestep = 0.000514
# Sun GC Dist = 8.000000
# Criterion = TreeCode
# Theta = 1.000000
# Quadrupole Moments = true
# Eps = 0.000481
#
#
# Potential: (Milkyway@Home N-body potential)
#
# Disk: MiaymotoNagai
#   mass = 445865.888000
#   a = 6.500000
#   b = 0.260000
#
# Halo: Logarithmic
#   vhalo = 74.610000
#   d = 12.000000
#
#
#Column Headers:
# UseBin,  Lambda,  Beta,  Normalized Counts, Count Error, Beta Dispersion,  Beta Dispersion Error,LOS Velocity Dispersion, Velocity Dispersion Error
#

n = 4787
massPerParticle = 0.001200000000000
totalSimulated = 10001
lambdaBins = 50
betaBins = 1
1 -147.000000000000000 0.000000000000000 0.000000000000000 0.000208899101734 0.000000000000000 0.000000000000000 0.000000000000000 0.000000000000000

1 -141.000000000000000 0.000000000000000 0.000000000000000 0.000208899101734 0.000000000000000 0.000000000000000 0.000000000000000 0.000000000000000

1 -135.000000000000000 0.000000000000000 0.000000000000000 0.000208899101734 0.000000000000000 0.000000000000000 0.000000000000000 0.000000000000000

1 -129.000000000000000 0.000000000000000 0.000000000000000 0.000208899101734 0.000000000000000 0.000000000000000 0.000000000000000 0.000000000000000

1 -123.000000000000000 0.000000000000000 0.000000000000000 0.000208899101734 0.000000000000000 0.000000000000000 0.000000000000000 0.000000000000000

1 -117.000000000000000 0.000000000000000 0.000000000000000 0.000208899101734 0.000000000000000 0.000000000000000 0.000000000000000 0.000000000000000

1 -111.000000000000000 0.000000000000000 0.000000000000000 0.000208899101734 0.000000000000000 0.000000000000000 0.000000000000000 0.000000000000000

1 -105.000000000000000 0.000000000000000 0.000000000000000 0.000208899101734 0.000000000000000 0.000000000000000 0.000000000000000 0.000000000000000

1 -99.000000000000000 0.000000000000000 0.000000000000000 0.000208899101734 0.000000000000000 0.000000000000000 0.000000000000000 0.000000000000000

1 -93.000000000000000 0.000000000000000 0.000000000000000 0.000208899101734 0.000000000000000 0.000000000000000 0.000000000000000 0.000000000000000

1 -87.000000000000000 0.000000000000000 0.000000000000000 0.000208899101734 0.000000000000000 0.000000000000000 0.000000000000000 0.000000000000000

1 -81.000000000000000 0.000000000000000 0.000000000000000 0.000208899101734 0.000000000000000 0.000000000000000 0.000000000000000 0.000000000000000

1 -75.000000000000000 0.000000000000000 0.000417798203468 0.000295427942840 0.000000000000000 0.000000000000000 0.000000000000000 0.000000000000000

1 -69.000000000000000 0.000000000000000 0.009400459578024 0.001401337775747 1.228747680784020 0.191791862390425 4.728730496462060 0.729273199861179

1 -63.000000000000000 0.000000000000000 0.034050553582620 0.002667045192146 1.589268983690996 0.126430481604311 5.828383909535325 0.462202966456504

1 -57.000000000000000 0.000000000000000 0.047211196991853 0.003140442109541 1.936041734147885 0.130229629597815 6.154891267565501 0.416853184984627

1 -51.000000000000000 0.000000000000000 0.050971380823062 0.003263108283228 2.111765879752066 0.137461812993951 6.314939835108113 0.406774116612985

1 -45.000000000000000 0.000000000000000 0.043242114058910 0.003005534691861 1.623584856339108 0.115672695601243 5.609936593823008 0.397667968657806

1 -39.000000000000000 0.000000000000000 0.036348443701692 0.002755568405739 1.773154644434867 0.136797089098010 4.979777612900676 0.383046638998056

1 -33.000000000000000 0.000000000000000 0.027574681428870 0.002400067953431 1.568160401203154 0.141387138971532 5.077555615801225 0.450532915100048

1 -27.000000000000000 0.000000000000000 0.025276791309797 0.002297890119072 1.481172436431446 0.136924688065280 4.097829182412887 0.377209335386638

1 -21.000000000000000 0.000000000000000 0.019218717359515 0.002003689794574 1.253003934315320 0.133553991666002 3.960190816351107 0.419728128731368

1 -15.000000000000000 0.000000000000000 0.019845414664717 0.002036096583415 1.280142873376631 0.134922788165498 3.572859988233861 0.372453791064681

1 -9.000000000000000 0.000000000000000 0.018592020054314 0.001970750184261 0.792098540082417 0.087460103405016 2.288261074363428 0.248163586502481

1 -3.000000000000000 0.000000000000000 0.013578441612701 0.001684198401566 0.959202994102811 0.121788685301089 2.101142759500791 0.268954879909968

1 3.000000000000000 0.000000000000000 0.016085230833507 0.001833082178273 0.836634609275111 0.098580080385207 2.905651030848823 0.337715807366222

1 9.000000000000000 0.000000000000000 0.013369542510967 0.001671192813871 0.580871611387781 0.074353945621966 3.016494761446841 0.386123685620837

1 15.000000000000000 0.000000000000000 0.012533946104032 0.001618125484106 0.906834896669497 0.120078110888331 3.835995641354824 0.507941535643877

1 21.000000000000000 0.000000000000000 0.015249634426572 0.001784834707608 0.952056712491410 0.114591095999706 3.796959524383384 0.453734680409749

1 27.000000000000000 0.000000000000000 0.018592020054314 0.001970750184261 0.790097646832238 0.085187291312246 3.578158577584162 0.385792361655769

1 33.000000000000000 0.000000000000000 0.015249634426572 0.001784834707608 1.112339273714579 0.131985266252532 4.446365860694082 0.531338398482001

1 39.000000000000000 0.000000000000000 0.010236055984959 0.001462293712137 0.967733355888965 0.142621238329857 5.686674185966456 0.838082628283431

1 45.000000000000000 0.000000000000000 0.013996239816169 0.001709912841419 0.857852649830149 0.108053291185860 5.040863259870445 0.629961012061018

1 51.000000000000000 0.000000000000000 0.013160643409233 0.001658085216878 1.174344310483377 0.152844828893233 5.642347550240726 0.728231308211209

1 57.000000000000000 0.000000000000000 0.018383120952580 0.001959647277971 0.963945030456814 0.108435551336514 5.294421041702211 0.570837528016253

1 63.000000000000000 0.000000000000000 0.012325047002298 0.001604584447017 0.925500629736054 0.127084477426137 6.073704253463859 0.804246655624865

1 69.000000000000000 0.000000000000000 0.016920827240443 0.001880091915605 0.886509426168607 0.103739383404813 5.495356309883559 0.626152333068740

1 75.000000000000000 0.000000000000000 0.012951744307499 0.001644873171926 0.983464654913078 0.132568795911390 5.368063787423459 0.698671406462536

1 81.000000000000000 0.000000000000000 0.014831836223104 0.001760215118692 1.318482073401055 0.159856330055118 4.920994013486046 0.592298851543935

1 87.000000000000000 0.000000000000000 0.025485690411531 0.002307365994817 0.948214226907057 0.089590867100534 4.341850175932687 0.399671715512446

1 93.000000000000000 0.000000000000000 0.017129726342177 0.001891661821211 1.585392861610835 0.177225621884064 5.063000459485879 0.573181199655177

1 99.000000000000000 0.000000000000000 0.021098809275120 0.002099409989789 1.180719644609133 0.121126269883237 4.362746765401160 0.440659456829210

1 105.000000000000000 0.000000000000000 0.029872571547942 0.002498069927533 0.949919210967380 0.081450591811012 4.033708435418604 0.340893557427858

1 111.000000000000000 0.000000000000000 0.029245874242741 0.002471727504951 1.248346057771333 0.107039129240129 3.944240794037927 0.341990144975825

1 117.000000000000000 0.000000000000000 0.037392939210361 0.002794879498696 1.092818579462925 0.083567116911060 2.952013524313494 0.225081443365556

1 123.000000000000000 0.000000000000000 0.033214957175684 0.002634117445774 1.134631839173292 0.091725704472763 2.804395605512462 0.228208664232429

1 129.000000000000000 0.000000000000000 0.039064132024232 0.002856652252178 1.117574209368456 0.082611035755401 2.077665445644921 0.159814921022771

1 135.000000000000000 0.000000000000000 0.053269270942135 0.003335851143236 0.813417870559450 0.051755701554692 2.223032022630212 0.141160406908062

1 141.000000000000000 0.000000000000000 0.059954042197619 0.003538975213306 0.728764495119002 0.043945577736832 2.111707965289157 0.126423042135171

1 147.000000000000000 0.000000000000000 0.104658449968665 0.004675794711844 0.751489698512471 0.033983397617708 2.808355122247532 0.126353355869416

