#
# Generated Sun Dec 16 21:29:10 2018
#
# (phi,   theta,  psi) = (128.790000, 54.390000, 90.700000)
# (lambdaStart, lambdaCenter, lambdaEnd) = (-150.000000, 0.000000, 150.000000)
# (betaStart, betaCenter, betaEnd) = (-15.000000, 0.000000, 15.000000)
# Lambda Bin size = 6.000000
# Beta Bin size = 30.000000
#
#
# Nbody = 20001
# Evolve backward time = 3.950000
# Evolve forward time = 0.000000
# Timestep = 0.000514
# Sun GC Dist = 8.000000
# Criterion = TreeCode
# Theta = 1.000000
# Quadrupole Moments = true
# Eps = 0.000481
#
#
# Potential: (Milkyway@Home N-body potential)
#
# Disk: MiaymotoNagai
#   mass = 445865.888000
#   a = 6.500000
#   b = 0.260000
#
# Halo: Logarithmic
#   vhalo = 74.610000
#   d = 12.000000
#
#
#Column Headers:
# UseBin,  Lambda,  Beta,  Normalized Counts, Count Error, Beta Dispersion,  Beta Dispersion Error,LOS Velocity Dispersion, Velocity Dispersion Error
#

n = 7393
massPerParticle = 0.001200000000000
totalSimulated = 10001
lambdaBins = 50
betaBins = 1
1 -147.000000000000000 0.000000000000000 0.000000000000000 0.000135263086704 0.000000000000000 0.000000000000000 0.000000000000000 0.000000000000000

1 -141.000000000000000 0.000000000000000 0.000000000000000 0.000135263086704 0.000000000000000 0.000000000000000 0.000000000000000 0.000000000000000

1 -135.000000000000000 0.000000000000000 0.000000000000000 0.000135263086704 0.000000000000000 0.000000000000000 0.000000000000000 0.000000000000000

1 -129.000000000000000 0.000000000000000 0.000000000000000 0.000135263086704 0.000000000000000 0.000000000000000 0.000000000000000 0.000000000000000

1 -123.000000000000000 0.000000000000000 0.000000000000000 0.000135263086704 0.000000000000000 0.000000000000000 0.000000000000000 0.000000000000000

1 -117.000000000000000 0.000000000000000 0.000000000000000 0.000135263086704 0.000000000000000 0.000000000000000 0.000000000000000 0.000000000000000

1 -111.000000000000000 0.000000000000000 0.000000000000000 0.000135263086704 0.000000000000000 0.000000000000000 0.000000000000000 0.000000000000000

1 -105.000000000000000 0.000000000000000 0.000000000000000 0.000135263086704 0.000000000000000 0.000000000000000 0.000000000000000 0.000000000000000

1 -99.000000000000000 0.000000000000000 0.000000000000000 0.000135263086704 0.000000000000000 0.000000000000000 0.000000000000000 0.000000000000000

1 -93.000000000000000 0.000000000000000 0.000000000000000 0.000135263086704 0.000000000000000 0.000000000000000 0.000000000000000 0.000000000000000

1 -87.000000000000000 0.000000000000000 0.000000000000000 0.000135263086704 0.000000000000000 0.000000000000000 0.000000000000000 0.000000000000000

1 -81.000000000000000 0.000000000000000 0.000000000000000 0.000135263086704 0.000000000000000 0.000000000000000 0.000000000000000 0.000000000000000

1 -75.000000000000000 0.000000000000000 0.000000000000000 0.000135263086704 0.000000000000000 0.000000000000000 0.000000000000000 0.000000000000000

1 -69.000000000000000 0.000000000000000 0.003922629514406 0.000728414014221 1.511035597355270 0.295946219726818 4.400079927689988 0.861784476404719

1 -63.000000000000000 0.000000000000000 0.016637359664548 0.001500140201056 1.566631526304982 0.143003549450152 5.477068513044959 0.497882137179864

1 -57.000000000000000 0.000000000000000 0.035168402542946 0.002181051737670 1.864189004298827 0.116967829434427 5.844215281711180 0.370356192698802

1 -51.000000000000000 0.000000000000000 0.042202083051535 0.002389222471616 1.900777199715884 0.110479182333660 6.598146545764009 0.376572157016747

1 -45.000000000000000 0.000000000000000 0.041661030704721 0.002373857537506 1.806493485982253 0.104999114705413 6.276206480599308 0.359961271989818

1 -39.000000000000000 0.000000000000000 0.033545245502502 0.002130125219535 1.601952490524928 0.104497989772436 6.014013574871497 0.385001378897426

1 -33.000000000000000 0.000000000000000 0.035574191803057 0.002193598639284 1.630095329317553 0.102279710910100 5.466617485847671 0.341658439995915

1 -27.000000000000000 0.000000000000000 0.030839983768430 0.002042427819632 1.081775874086913 0.073603969248916 3.653060987461985 0.244622203638557

1 -21.000000000000000 0.000000000000000 0.034762613282835 0.002168432238859 0.935306717749234 0.059391081872547 2.660832661554927 0.169301986227198

1 -15.000000000000000 0.000000000000000 0.036521033409982 0.002222599313561 0.827164381185121 0.051496240274966 2.139595606357168 0.133203425996618

1 -9.000000000000000 0.000000000000000 0.033951034762613 0.002142970312154 0.849844878895691 0.054073459056975 2.394917100262760 0.152691844539537

1 -3.000000000000000 0.000000000000000 0.029352089814690 0.001992549690607 0.772753708991645 0.053071778277566 2.542775383215167 0.175883481573148

1 3.000000000000000 0.000000000000000 0.030839983768430 0.002042427819632 0.623864086646061 0.042645552677518 2.538262941390966 0.172703266877251

1 9.000000000000000 0.000000000000000 0.026782091167320 0.001903320340791 0.777514039446096 0.055535293285700 3.259056554005447 0.233980502055378

1 15.000000000000000 0.000000000000000 0.024347355606655 0.001814744740295 0.720311096576324 0.054448652881757 3.553660050230342 0.268622826240544

1 21.000000000000000 0.000000000000000 0.021101041525768 0.001689435411443 0.739802154295678 0.060003331636055 4.135129254089558 0.335389036853118

1 27.000000000000000 0.000000000000000 0.016096307317733 0.001475546072587 0.746822623981370 0.069941103788001 4.934119256326931 0.458088287972111

1 33.000000000000000 0.000000000000000 0.013796834843771 0.001366090212141 0.633370451386443 0.064302397120984 5.100133242240871 0.512531923858490

1 39.000000000000000 0.000000000000000 0.014202624103882 0.001386034189904 0.516875762766581 0.052207062457810 5.175999938335086 0.509959722277786

1 45.000000000000000 0.000000000000000 0.014202624103882 0.001386034189904 0.517009368349575 0.051956251656014 5.405003053829765 0.532522003299756

1 51.000000000000000 0.000000000000000 0.013391045583660 0.001345850719744 0.547152057960320 0.056130587936148 5.021318952799060 0.512432304884278

1 57.000000000000000 0.000000000000000 0.015014202624104 0.001425085047052 0.476215276051249 0.045820014306121 5.089342981727427 0.487430722719398

1 63.000000000000000 0.000000000000000 0.014608413363993 0.001405695231356 0.552200686988316 0.054142867032463 5.478584345548200 0.532081102369718

1 69.000000000000000 0.000000000000000 0.017448938184769 0.001536293343920 0.548480662503070 0.049451645120628 5.047287672487768 0.449620462587930

1 75.000000000000000 0.000000000000000 0.024617881780062 0.001824798804711 0.552192750145764 0.041504046053591 5.072429378911131 0.379119535222030

1 81.000000000000000 0.000000000000000 0.046665764912755 0.002512400327473 0.481249135791816 0.026137639735965 4.310636186202242 0.233090533865254

1 87.000000000000000 0.000000000000000 0.033409982415799 0.002125826274246 0.494924956459158 0.031880376885641 3.982284172587256 0.257588095753655

1 93.000000000000000 0.000000000000000 0.016366833491140 0.001487893953740 0.624781411553327 0.057756948334816 4.475837353712935 0.410271079005883

1 99.000000000000000 0.000000000000000 0.016907885837955 0.001512287283579 0.632376800319213 0.058459092266152 3.724071535643684 0.337139488012587

1 105.000000000000000 0.000000000000000 0.019883673745435 0.001639977769915 0.653421713107203 0.055025325089572 3.333041281744903 0.278709564970059

1 111.000000000000000 0.000000000000000 0.015825781144326 0.001463093984363 0.748500819374509 0.070098269404573 2.845935086367498 0.267702630516720

1 117.000000000000000 0.000000000000000 0.018666305965102 0.001588981485793 0.752724647769757 0.065762111662202 3.107960699609899 0.267476310434457

1 123.000000000000000 0.000000000000000 0.023265250913026 0.001773958751333 0.789104069616034 0.061244170804271 2.368894993881430 0.185539318918318

1 129.000000000000000 0.000000000000000 0.024888407953469 0.001834797777120 0.957034020862673 0.071133642689864 2.602407416670419 0.193966107916385

1 135.000000000000000 0.000000000000000 0.044366292438793 0.002449718690149 1.002168220051618 0.055675486729337 2.300578211698845 0.129008756124077

1 141.000000000000000 0.000000000000000 0.055863654808603 0.002748870747045 0.826262465411265 0.041057063529610 2.791266222321831 0.138698294325740

1 147.000000000000000 0.000000000000000 0.063303124577303 0.002926187968725 0.744515865805961 0.034675398761726 2.512912964671675 0.117677369192081

