#
# Generated Sun Dec 16 20:46:55 2018
#
# (phi,   theta,  psi) = (128.790000, 54.390000, 90.700000)
# (lambdaStart, lambdaCenter, lambdaEnd) = (-150.000000, 0.000000, 150.000000)
# (betaStart, betaCenter, betaEnd) = (-15.000000, 0.000000, 15.000000)
# Lambda Bin size = 6.000000
# Beta Bin size = 30.000000
#
#
# Nbody = 20001
# Evolve backward time = 3.950000
# Evolve forward time = 0.000000
# Timestep = 0.000514
# Sun GC Dist = 8.000000
# Criterion = TreeCode
# Theta = 1.000000
# Quadrupole Moments = true
# Eps = 0.000481
#
#
# Potential: (Milkyway@Home N-body potential)
#
# Disk: MiaymotoNagai
#   mass = 445865.888000
#   a = 6.500000
#   b = 0.260000
#
# Halo: Logarithmic
#   vhalo = 74.610000
#   d = 12.000000
#
#
#Column Headers:
# UseBin,  Lambda,  Beta,  Normalized Counts, Count Error, Beta Dispersion,  Beta Dispersion Error,LOS Velocity Dispersion, Velocity Dispersion Error
#

n = 7308
massPerParticle = 0.001200000000000
totalSimulated = 10001
lambdaBins = 50
betaBins = 1
1 -147.000000000000000 0.000000000000000 0.000000000000000 0.000136836343733 0.000000000000000 0.000000000000000 0.000000000000000 0.000000000000000

1 -141.000000000000000 0.000000000000000 0.000000000000000 0.000136836343733 0.000000000000000 0.000000000000000 0.000000000000000 0.000000000000000

1 -135.000000000000000 0.000000000000000 0.000000000000000 0.000136836343733 0.000000000000000 0.000000000000000 0.000000000000000 0.000000000000000

1 -129.000000000000000 0.000000000000000 0.000000000000000 0.000136836343733 0.000000000000000 0.000000000000000 0.000000000000000 0.000000000000000

1 -123.000000000000000 0.000000000000000 0.000000000000000 0.000136836343733 0.000000000000000 0.000000000000000 0.000000000000000 0.000000000000000

1 -117.000000000000000 0.000000000000000 0.000000000000000 0.000136836343733 0.000000000000000 0.000000000000000 0.000000000000000 0.000000000000000

1 -111.000000000000000 0.000000000000000 0.000000000000000 0.000136836343733 0.000000000000000 0.000000000000000 0.000000000000000 0.000000000000000

1 -105.000000000000000 0.000000000000000 0.000000000000000 0.000136836343733 0.000000000000000 0.000000000000000 0.000000000000000 0.000000000000000

1 -99.000000000000000 0.000000000000000 0.000000000000000 0.000136836343733 0.000000000000000 0.000000000000000 0.000000000000000 0.000000000000000

1 -93.000000000000000 0.000000000000000 0.000000000000000 0.000136836343733 0.000000000000000 0.000000000000000 0.000000000000000 0.000000000000000

1 -87.000000000000000 0.000000000000000 0.000000000000000 0.000136836343733 0.000000000000000 0.000000000000000 0.000000000000000 0.000000000000000

1 -81.000000000000000 0.000000000000000 0.000000000000000 0.000136836343733 0.000000000000000 0.000000000000000 0.000000000000000 0.000000000000000

1 -75.000000000000000 0.000000000000000 0.000000000000000 0.000136836343733 0.000000000000000 0.000000000000000 0.000000000000000 0.000000000000000

1 -69.000000000000000 0.000000000000000 0.003284072249589 0.000670358440827 1.530160036046891 0.333247743608978 4.980552263742987 1.084695564332512

1 -63.000000000000000 0.000000000000000 0.016967706622879 0.001523745036352 1.577614295469206 0.143409923612045 5.950307232066996 0.540900971846945

1 -57.000000000000000 0.000000000000000 0.035440613026820 0.002202172542341 1.910584199422216 0.119878878291198 5.989211863491149 0.380309224114867

1 -51.000000000000000 0.000000000000000 0.041735084838533 0.002389744006099 1.900394873843231 0.111401818333903 6.496422949590567 0.374443501672331

1 -45.000000000000000 0.000000000000000 0.041461412151067 0.002381895892930 1.678219373111753 0.098717616854230 6.515084239469540 0.377404489188997

1 -39.000000000000000 0.000000000000000 0.033524904214559 0.002141827564655 1.681975489432107 0.109952194858412 6.334796248192453 0.408053158868713

1 -33.000000000000000 0.000000000000000 0.034209085933224 0.002163572564428 1.633073064132362 0.105193694694247 5.619813862742725 0.358300395690900

1 -27.000000000000000 0.000000000000000 0.030514504652436 0.002043402370425 1.196643665224544 0.081799115470648 3.805076832300898 0.258897212318432

1 -21.000000000000000 0.000000000000000 0.034345922276957 0.002167895391045 0.996255531313870 0.064040650973134 2.957592349680151 0.191307437729821

1 -15.000000000000000 0.000000000000000 0.032567049808429 0.002111008295093 0.927859111448786 0.061047518136391 2.419117252136882 0.159508891451698

1 -9.000000000000000 0.000000000000000 0.032840722495895 0.002119859521734 0.869028199662016 0.056567914565622 2.125587073231235 0.140460103707094

1 -3.000000000000000 0.000000000000000 0.030240831964970 0.002034218493065 0.787309180596614 0.053444910219523 2.045021082614796 0.141453873698423

1 3.000000000000000 0.000000000000000 0.029693486590038 0.002015725213828 0.666396778336448 0.045767314544379 2.884892511811789 0.198130884342531

1 9.000000000000000 0.000000000000000 0.030651340996169 0.002047978865229 0.731725426283077 0.049444405139011 3.481070353330145 0.235224097298032

1 15.000000000000000 0.000000000000000 0.024493705528188 0.001830745506330 0.764706854329460 0.058137676147166 3.546887236393157 0.267348198895531

1 21.000000000000000 0.000000000000000 0.018883415435140 0.001607463071219 0.688077805530861 0.059660614236293 3.699777228208152 0.324473162785767

1 27.000000000000000 0.000000000000000 0.015188834154351 0.001441660338376 0.633830533444454 0.060985284535382 4.842748855912975 0.465954859110823

1 33.000000000000000 0.000000000000000 0.015873015873016 0.001473772525215 0.657528494255742 0.063265431683123 4.814319682599328 0.450868548671195

1 39.000000000000000 0.000000000000000 0.015188834154351 0.001441660338376 0.655130341905506 0.063328460390741 5.599315570699747 0.536273237067977

1 45.000000000000000 0.000000000000000 0.014778325123153 0.001422044998004 0.531816353969606 0.052912667913222 5.089813837642637 0.496671173312525

1 51.000000000000000 0.000000000000000 0.013409961685824 0.001354610691928 0.468099588850099 0.048534230318773 5.483769368762171 0.562562443651054

1 57.000000000000000 0.000000000000000 0.018883415435140 0.001607463071219 0.462616872481018 0.040263370998490 5.173542386913976 0.445243734807108

1 63.000000000000000 0.000000000000000 0.014504652435687 0.001408816384919 0.496055218776053 0.049354640679625 5.360358117518471 0.525579130272485

1 69.000000000000000 0.000000000000000 0.017788724685276 0.001560174363847 0.441543818819964 0.039810096738587 5.344111506188058 0.472329018043482

1 75.000000000000000 0.000000000000000 0.015325670498084 0.001448139743330 0.544107795724593 0.052843847515526 5.495392789731990 0.526320055210124

1 81.000000000000000 0.000000000000000 0.014778325123153 0.001422044998004 0.475840024149267 0.047110784515413 4.572259699625217 0.444058688860761

1 87.000000000000000 0.000000000000000 0.020799124247400 0.001687031746844 0.586044705382209 0.048170422619411 5.187986343045886 0.423578854906772

1 93.000000000000000 0.000000000000000 0.025451559934319 0.001866198918580 0.582344931687344 0.043164996284795 4.268499165282897 0.315527268085718

1 99.000000000000000 0.000000000000000 0.025998905309250 0.001886158833072 0.570781080611601 0.041850508916496 3.922187500514084 0.286810683899314

1 105.000000000000000 0.000000000000000 0.030788177339901 0.002052545155993 0.531247982972684 0.036146082695063 3.060612858558285 0.205874941579080

1 111.000000000000000 0.000000000000000 0.030103995621237 0.002029610970743 0.604556310192778 0.041520186933456 2.891998490332799 0.197228452072138

1 117.000000000000000 0.000000000000000 0.025314723590586 0.001861175493806 0.801843417904983 0.059930751363608 3.091488786575114 0.229781652407434

1 123.000000000000000 0.000000000000000 0.026956759715380 0.001920589606954 0.905849847394422 0.065034527191509 2.796854801085609 0.201840218076912

1 129.000000000000000 0.000000000000000 0.026683087027915 0.001910815550598 0.960397297326614 0.069490034187004 2.198497070883240 0.159912724127447

1 135.000000000000000 0.000000000000000 0.032567049808429 0.002111008295093 0.944646808520632 0.061884744650972 1.991472390910463 0.133058229349058

1 141.000000000000000 0.000000000000000 0.060618500273673 0.002880071863690 0.911762216737554 0.043615274891503 2.443029318904022 0.117949930556620

1 147.000000000000000 0.000000000000000 0.068144499178982 0.003053628024688 0.819865457660498 0.037037592695749 2.560451077540427 0.115787118866673

