#
# Generated Mon Sep 25 16:22:34 2017
#
# (phi,   theta,  psi) = (128.790000, 54.390000, 90.700000)
# (lambdaStart, lambdaCenter, lambdaEnd) = (-150.000000, 0.000000, 150.000000)
# (betaStart, betaCenter, betaEnd) = (-15.000000, 0.000000, 15.000000)
# Lambda Bin size = 6.000000
# Beta Bin size = 30.000000
#
#
# Nbody = 20000
# Evolve time = 3.950000
# Timestep = 0.000514
# Sun GC Dist = 8.000000
# Criterion = TreeCode
# Theta = 1.000000
# Quadrupole Moments = true
# Eps = 0.000481
#
#
# Potential: (Milkyway@Home N-body potential)
#
# Disk: MiaymotoNagai
#   mass = 445865.888000
#   a = 6.500000
#   b = 0.260000
#
# Halo: Logarithmic
#   vhalo = 73.000000
#   d = 12.000000
#
#
# UseBin  Lambda  Beta  Probability  Error
#

n = 9214
massPerParticle = 0.001200000000000
totalSimulated = 10000
lambdaBins = 50
betaBins = 1
1 -147.000000000000000 0.000000000000000 0.000000000000000 0.000108530497070 0.000000000000000 0.000000000000000

1 -141.000000000000000 0.000000000000000 0.000000000000000 0.000108530497070 0.000000000000000 0.000000000000000

1 -135.000000000000000 0.000000000000000 0.000000000000000 0.000108530497070 0.000000000000000 0.000000000000000

1 -129.000000000000000 0.000000000000000 0.000108530497070 0.000108530497070 0.000000000000000 0.000000000000000

1 -123.000000000000000 0.000000000000000 0.000000000000000 0.000108530497070 0.000000000000000 0.000000000000000

1 -117.000000000000000 0.000000000000000 0.000000000000000 0.000108530497070 0.000000000000000 0.000000000000000

1 -111.000000000000000 0.000000000000000 0.000217060994139 0.000153485300887 0.000000000000000 0.000000000000000

1 -105.000000000000000 0.000000000000000 0.000000000000000 0.000108530497070 0.000000000000000 0.000000000000000

1 -99.000000000000000 0.000000000000000 0.000000000000000 0.000108530497070 0.000000000000000 0.000000000000000

1 -93.000000000000000 0.000000000000000 0.000000000000000 0.000108530497070 0.000000000000000 0.000000000000000

1 -87.000000000000000 0.000000000000000 0.000325591491209 0.000187980335095 0.000000000000000 0.000000000000000

1 -81.000000000000000 0.000000000000000 0.000759713479488 0.000287144704913 0.000000000000000 0.000000000000000

1 -75.000000000000000 0.000000000000000 0.001410896461906 0.000391312272136 12.988218104196497 3.902473862632513

1 -69.000000000000000 0.000000000000000 0.003038853917951 0.000574289409825 9.311032738222245 1.860828666177472

1 -63.000000000000000 0.000000000000000 0.005969177338832 0.000804883708172 9.216843365793411 1.277918676529253

1 -57.000000000000000 0.000000000000000 0.012589537660082 0.001168909226641 9.468838718873499 0.902781710079954

1 -51.000000000000000 0.000000000000000 0.021597568916866 0.001531011067904 7.521254754861925 0.542792521022457

1 -45.000000000000000 0.000000000000000 0.031365313653137 0.001845018450185 7.855435121464867 0.468613024996912

1 -39.000000000000000 0.000000000000000 0.042435424354244 0.002146051653276 6.796839519699441 0.346397854740742

1 -33.000000000000000 0.000000000000000 0.069676579118732 0.002749915228852 5.258143532704499 0.209655648288468

1 -27.000000000000000 0.000000000000000 0.083894074234860 0.003017460120351 4.172912494095092 0.150576882171656

1 -21.000000000000000 0.000000000000000 0.069459518124593 0.002745628530643 2.858253385305173 0.113605231575552

1 -15.000000000000000 0.000000000000000 0.042761015845453 0.002154268856227 2.555736257981238 0.129414312763172

1 -9.000000000000000 0.000000000000000 0.036032125027133 0.001977519769730 2.113234706592063 0.117401372393916

1 -3.000000000000000 0.000000000000000 0.234100282179292 0.005040537668649 1.911196327426379 0.041256311384572

1 3.000000000000000 0.000000000000000 0.022465812893423 0.001561481937263 2.784351968687949 0.195903943884309

1 9.000000000000000 0.000000000000000 0.019101367484263 0.001439819748364 3.462993124146192 0.264046338929238

1 15.000000000000000 0.000000000000000 0.014868678098546 0.001270316899362 3.493358325017135 0.304049219649645

1 21.000000000000000 0.000000000000000 0.014868678098546 0.001270316899362 4.481534896859980 0.388587537783270

1 27.000000000000000 0.000000000000000 0.018233123507706 0.001406716018756 4.821546795147037 0.377645670564519

1 33.000000000000000 0.000000000000000 0.017799001519427 0.001389868512575 5.001398167061353 0.396628927833875

1 39.000000000000000 0.000000000000000 0.017147818537009 0.001364207194484 5.194798854151554 0.417247712033647

1 45.000000000000000 0.000000000000000 0.017364879531148 0.001372814265322 4.907956286058821 0.395486157195667

1 51.000000000000000 0.000000000000000 0.017581940525288 0.001381367707983 5.184502369852552 0.413760047003668

1 57.000000000000000 0.000000000000000 0.017039288039939 0.001359883230534 5.733618173739452 0.460525832055157

1 63.000000000000000 0.000000000000000 0.015628391578033 0.001302365964836 5.914668530138182 0.496335820710896

1 69.000000000000000 0.000000000000000 0.013566312133710 0.001213407845398 5.856200626269853 0.530177969894767

1 75.000000000000000 0.000000000000000 0.010961580204037 0.001090717996649 5.600872013093303 0.562880671014047

1 81.000000000000000 0.000000000000000 0.012806598654222 0.001178942966269 5.898693156333861 0.550035533622162

1 87.000000000000000 0.000000000000000 0.011938354677664 0.001138277456230 4.995504565578805 0.485185105627558

1 93.000000000000000 0.000000000000000 0.009876275233341 0.001035314957040 5.489658902323566 0.585162664340302

1 99.000000000000000 0.000000000000000 0.011612763186455 0.001122648191099 5.047722344847370 0.494947450637563

1 105.000000000000000 0.000000000000000 0.010635988712828 0.001074397106209 4.422373381905325 0.453701318592018

1 111.000000000000000 0.000000000000000 0.010418927718689 0.001063377357405 3.727869345485048 0.388634777143821

1 117.000000000000000 0.000000000000000 0.009442153245062 0.001012305084989 3.685013088285223 0.402040065078419

1 123.000000000000000 0.000000000000000 0.011395702192316 0.001112106660078 3.005546826114121 0.299048714039601

1 129.000000000000000 0.000000000000000 0.010418927718689 0.001063377357405 2.084691529580204 0.217331551330589

1 135.000000000000000 0.000000000000000 0.009767744736271 0.001029610698991 2.734727503124304 0.294873769643145

1 141.000000000000000 0.000000000000000 0.008899500759713 0.000982785450199 3.063258072898187 0.342456563303725

1 147.000000000000000 0.000000000000000 0.010418927718689 0.001063377357405 3.356944118407726 0.346223165689939

