-14.970796102007379 5.528844312432038 15.420107300433829
-14.489048673435633 6.061314437365326 15.062120396783182
-14.012299920580235 6.543005909781728 14.710232520597222
-13.50196139397836 7.045444598917432 14.35875363305898
-13.01395137278307 7.559644078483151 13.988746174118056
-12.520322934384195 8.042823435472378 13.621818127732514
-11.990397626404029 8.508214480662447 13.254539097715869
-11.485393761852823 8.986774669939836 12.86364944655881
-10.946669662104725 9.48335993910068 12.472007361303406
-10.419117647389916 9.924457439340772 12.044883026665223
-9.873614588076336 10.401061839314226 11.627235123776124
-9.34258664682841 10.846753869404463 11.193269230992758
-8.76804245367647 11.26889031537477 10.749487100212853
-8.189663074766827 11.701297413204285 10.28009225519209
-7.629803527884077 12.165510484885505 9.832850825432223
-7.050864670061434 12.549301710947109 9.324777619536876
-6.4894680375221 12.944649450608708 8.854288255726036
-5.876095671920756 13.35008554862079 8.38503398395715
-5.270666191312863 13.740655995390808 7.8491390828043
-4.669914856108898 14.104597160363555 7.304142798036355
-4.075019721732544 14.435226066294025 6.791639342951834
-3.486957994832688 14.76748897920581 6.234563320398774
-2.832084481485554 15.070991854601367 5.674516585062424
-2.213184960942455 15.375202543223804 5.112556671536613
-1.598379502692157 15.685227442804488 4.553991217932359
-1.002254490254994 15.944868479159831 3.9664476904706
-0.358643869439226 16.196136557755658 3.381383955488672
0.259937539172495 16.42094176040843 2.783113923031713
0.881849611480333 16.62537958431649 2.175335163511837
1.518543953386142 16.81431095081326 1.55145671288483
2.114017293959921 17.00170713499778 0.955751818263291
2.752510578183163 17.141359122122317 0.297524501894648
3.352023623320084 17.287725443204323 -0.318909063652167
3.957272149180973 17.428634272782823 -0.910235045181734
4.566452736773563 17.493349414441383 -1.555509947345779
5.175556913702389 17.581539118773637 -2.176589781827566
5.763812648242165 17.687842305997485 -2.746991850306448
6.374472405084145 17.721143234994642 -3.370296668422391
6.955619741145911 17.74982920962338 -3.950281747019189
7.539852114563934 17.783757922689293 -4.531530936669035
8.129097511673933 17.769162574730505 -5.145082067359728
8.696647474167085 17.79041356617949 -5.727616547125765
9.235155294027045 17.759565569182694 -6.288526826356416
9.790503404077304 17.75560597911407 -6.844002158341016
10.381837362717311 17.710259492506637 -7.440013976515862
10.904545130902742 17.669598925593576 -7.972199752930831
11.463235112522693 17.62330265193677 -8.516420354655514
11.98464461346137 17.526701668279927 -9.087499510152329
12.517632883133505 17.475801061094774 -9.60827200897956
13.046921316482576 17.402297453310876 -10.133766687084535
13.558633294681258 17.314919672100046 -10.656933147907674
14.084474724375141 17.26133608778229 -11.190945678826848
14.601424821929529 17.144343210520347 -11.699318696264672
15.088162222190267 17.004899664364125 -12.2251302754876
15.577019609509254 16.903856553639777 -12.701842028091356
16.075057942462706 16.768748382669656 -13.218658270533124
16.574697895012953 16.668547995178706 -13.695238093941967
17.062255317796645 16.526246761360493 -14.217973716265398
17.538279030261386 16.375843767337884 -14.69877079990709
17.996483808286023 16.273202201354835 -15.164667279798625
18.46253376757391 16.119857018014667 -15.63314683607296
18.92356787059366 15.962013922026362 -16.096821048584385
19.3939181086587 15.803329487793532 -16.558372813916467
19.83935134897593 15.644132895914376 -17.032779367568043
20.271899181294685 15.496139768726916 -17.464612968792853
20.743627827448062 15.31686080246875 -17.929165914102427
21.143819451487516 15.171282732002142 -18.36257773066139
21.596933353035606 14.969223739042713 -18.781428198807042
22.01827643043144 14.840781069293902 -19.26820651414548
22.448256309425588 14.687456411409364 -19.661738843996883
22.856399215691972 14.473094394394558 -20.10598950205773
23.2735503121871 14.271205568118969 -20.528207610705373
23.67229541249318 14.09567907601472 -20.946213243362102
24.088836745066068 13.86455771065526 -21.353222495657057
24.511145969688865 13.694843436300516 -21.759545108983904
24.90851127161588 13.544099105188712 -22.162499464454132
25.286122037486212 13.354863137224461 -22.539251134735
25.646051606243674 13.151726918119921 -22.951470655458348
26.063995923988763 12.951296947633605 -23.365341916066857
26.44866517550229 12.751062305036136 -23.741154230666734
26.809913571103895 12.53772652571709 -24.14091445086267
27.173290272529417 12.324347719354042 -24.494141343548176
27.554479794726177 12.099877676420828 -24.888985506088158
27.92962261322006 11.904537110265078 -25.267879750388392
28.302310319513744 11.695970302816116 -25.636738856025993
28.664298943471493 11.499251789712362 -25.975626445158234
29.027760358865763 11.271553691275972 -26.368273790389534
29.38164094638943 11.070848854188311 -26.72694302141582
29.71186055892436 10.878658075655228 -27.064102871820786
30.05300120270906 10.628152766674509 -27.430538965346216
30.401426078479652 10.393038177399017 -27.78189534887561
30.74146768548436 10.182521763341892 -28.129562384653266
31.078166999465957 9.971006905721676 -28.473889460196233
31.41140520027244 9.758561801531705 -28.814789581721193
31.741161139820743 9.545174109189926 -29.15214181236633
32.06747709436166 9.330799928521348 -29.485986519069613
32.390391774538074 9.115731422657978 -29.816412930591213
32.71150932813767 8.865065845717513 -30.13548024931479
33.02389523158862 8.639013418223092 -30.466644213805825
33.32039764953949 8.427814229853102 -30.778690233562326
33.6390315947786 8.184640827931535 -31.119386687722145
33.94222677583812 7.956318914078234 -31.440877617570923
34.23248547046255 7.746541054718415 -31.74932111440037
34.5398279237822 7.497671657070861 -32.074028769451424
34.827531270639014 7.281707196125938 -32.34428974296825
35.1345187942426 7.049011189447018 -32.6400816486409
35.42593176338755 6.827793715164654 -32.97195391048176
35.74361942897878 6.57925051552053 -33.26180065502372
36.02030663071981 6.383947303639082 -33.556472446734276
36.28709853973055 6.132663195223978 -33.83788441791238
36.58526809099814 5.889649053065661 -34.146024954881376
36.85779174487486 5.669200959824477 -34.41136992595851
37.14031358407628 5.450151249382195 -34.72552003844113
37.41373293113866 5.186710683386536 -35.000069750695694
37.690846484060714 4.954874564990178 -35.262922503798
37.97721709750778 4.737707761797605 -35.549140357728
38.229616289471004 4.524278535811812 -35.8396646293861
38.503233059602294 4.277245638137698 -36.1029019572069
38.735642373935725 4.048725780208977 -36.37234525288324
38.99753262867684 3.804814837978733 -36.65415777766982
39.27764942317639 3.571211021325904 -36.90911522226033
39.49570847657971 3.321669877206947 -37.161606800567
39.77085173307449 3.07804867726489 -37.41570720884059
40.037097274153666 2.848191166705697 -37.6791404170883
40.28515180342275 2.647873295507752 -37.94370888894285
40.54498327591007 2.386488493197216 -38.216481779034616
40.7307577582081 2.158234658089047 -38.457157574472355
40.98997032996734 1.917454350693875 -38.67775808782932
41.25074216680333 1.675858965632566 -38.928956920396764
41.483938207150906 1.431787974516314 -39.20126268567623
41.68946695076009 1.20322361471101 -39.42679526798443
41.915032718749686 0.944236150279973 -39.66600629376707
42.156716824599805 0.761181978878348 -39.93025192032348
42.40417572831871 0.501813680320085 -40.14962655951793
42.60188457957347 0.289879773147775 -40.375352974140846
42.83890927161695 0.051598450684544 -40.62062192135794
43.056389101625776 -0.177133931937479 -40.82747379689961
43.27116627239247 -0.450143984843656 -41.09347283875444
43.501944167056166 -0.644644720994815 -41.270718571271495
43.70530330750416 -0.899110038997262 -41.50268316823136
43.93539952334777 -1.143645831124684 -41.73755938615049
44.13550134663431 -1.377506567894355 -41.969596183460204
44.340789031478955 -1.625015985083943 -42.153526248506864
44.5541628780846 -1.870610404555076 -42.38749605060491
44.75792624237652 -2.078884161676767 -42.59922412380872
44.96510711915298 -2.326150554257088 -42.80035784206322
45.17045764214315 -2.572895746218296 -42.999295719333475
45.37691329619083 -2.807119708600065 -43.21498170698757
45.534484061206506 -3.030738306170844 -43.40101644604476
45.77903616041863 -3.270697096409944 -43.63708975342664
45.94288859142401 -3.508343016820247 -43.84885042005761
46.11789019698291 -3.737636879475786 -44.02213187670006
46.31399833491167 -4.001513085199931 -44.22958898921004
46.50156192029996 -4.224765926276423 -44.420121266966596
46.69302379359231 -4.43420225894164 -44.62308866957969
46.86994516533673 -4.66975314402393 -44.794949378732774
47.03638193628932 -4.929779321356396 -45.00249937785066
47.239379276423456 -5.147509806885822 -45.20006455352921
47.3949290694555 -5.379278497059758 -45.37632521715065
47.574951134603786 -5.641121653572331 -45.542575023157795
47.77222736504661 -5.835314385356723 -45.71846098057448
47.91969089183218 -6.066619570883484 -45.90602370479863
48.09272157561013 -6.311353408491401 -46.106552263393965
48.27613810834122 -6.552254293232521 -46.27339698404903
48.43111936421853 -6.771604640110326 -46.46367952680993
48.60195213751696 -6.989503209836032 -46.63949771698549
48.763524008903744 -7.229207415534592 -46.78916549700848
48.9060363638174 -7.45203415559805 -46.95327326143585
49.06966180396638 -7.686266707765693 -47.13689225256744
49.23141730136481 -7.920046851443376 -47.31851485144733
49.38643471625056 -8.15382733537379 -47.436038777912735
49.556617073226775 -8.388906278728285 -47.61485243158293
49.72497170694928 -8.623642732054892 -47.791838079172706
49.83836086740218 -8.84232394169343 -47.94989656226757
50.003684730988326 -9.073397610055162 -48.107716248109035
50.14173542167115 -9.327412724646083 -48.24327049306841
50.28612473283367 -9.537665869105833 -48.384684052353
50.431231569703755 -9.761126544162464 -48.53805054019145
50.58233041459483 -10.016963475718107 -48.72843083168581
50.74489475562618 -10.21122843873814 -48.875072677545376
50.84988855848508 -10.433520740282422 -49.035290884994716
50.9892543365253 -10.683610061646014 -49.148761704449434
51.14132820276183 -10.905345026995558 -49.322601213114865
51.29231451273908 -11.146270189494736 -49.450370898631746
51.37375133807105 -11.376724491790496 -49.57840921704938
51.5457878641494 -11.591093954454635 -49.73958338004696
51.67850786105195 -11.798715213470745 -49.854840014220564
51.793497700478895 -12.018703624623637 -50.006902202282255
51.925537473240055 -12.255954796072881 -50.13533770250655
52.035540505021046 -12.499329237518365 -50.27386362441205
52.184851034381886 -12.705689948030509 -50.4103040303506
52.277046013769365 -12.929269649115374 -50.50924042646835
52.40683420161364 -13.156761144618379 -50.66887248236489
52.5218755688475 -13.383010553452943 -50.77963159346174
52.639996915222916 -13.601555456336191 -50.901494594661536
52.743663984596154 -13.846691790667364 -51.03595135703576
52.8702906317735 -14.052450055324169 -51.1729791646365
52.98950894520842 -14.244365443210764 -51.30580822138488
53.095006219010116 -14.45053384041611 -51.41065675431063
53.16969061189841 -14.70240242663481 -51.503516013682066
53.29452064860989 -14.917109846653224 -51.62014114869772
53.41774872416046 -15.131453304265323 -51.7357452216857
53.526407890480336 -15.333463475545855 -51.86161048032126
53.608682928139594 -15.605415252614014 -51.947080390543825
53.695029714885884 -15.813886607988167 -52.05160801231512
53.79648424872019 -16.042042164871805 -52.17670488117519
53.90412412341241 -16.255765436327852 -52.303883026565494
54.03488644472599 -16.4382144728103 -52.411784964213425
54.132510213925364 -16.65580576228894 -52.53536832073164
54.213783224496886 -16.88169994270466 -52.62197854034963
54.310739544301754 -17.087510782212213 -52.702038267811034
54.38015604318926 -17.32628315179473 -52.82386107675902
54.50333261605401 -17.504189867919397 -52.930940981631515
54.570651476273085 -17.717575168921226 -53.0146764170995
54.6641573324915 -17.934567524138608 -53.119600817592534
54.76499889640631 -18.14392455764804 -53.19875843564576
54.83880380383278 -18.3620529867494 -53.30915947215435
54.913022884128736 -18.580328780093748 -53.39907069634137
54.9790808185235 -18.791250013993455 -53.46315544538656
55.08850138531812 -19.011942428456578 -53.577268371555945
55.15312839096132 -19.2222805748752 -53.657079644936324
55.22525731931933 -19.425576774905814 -53.72274783218006
55.33143237221718 -19.62390432984861 -53.83751362626124
55.404549196627286 -19.857058700629423 -53.90910807890541
55.43157588027637 -20.086135664806402 -53.96861358024125
55.519448125015124 -20.27193277499994 -54.05171204081939
55.59567161510432 -20.4769041159744 -54.145779940238086
55.64857968370286 -20.675044527305594 -54.219693915002345
55.71431109016936 -20.872724869020008 -54.29166006674248
55.80135647022888 -21.095948524893554 -54.37679606202238
55.84731954915808 -21.310962279699158 -54.450727418099426
55.91357238897142 -21.477933395728243 -54.53445022576294
55.97626713864081 -21.685875108443614 -54.607870294805224
56.036211668881066 -21.889540359156225 -54.65258084930516
56.09083391878696 -22.12525562844673 -54.706293334149784
56.13680843614835 -22.321403206017635 -54.75696703293171
56.223838939336176 -22.52600720745284 -54.859495186317105
56.255399738680794 -22.73094635587116 -54.897064161132235
56.32211667864516 -22.93631476756566 -54.96920020910003
56.384834914612775 -23.130845588888146 -55.05582242965478
56.40580643187049 -23.30459506674611 -55.08179757105369
56.47813748354538 -23.540699404169537 -55.160876685419304
56.528656679767614 -23.722127150233888 -55.222971929497994
56.573693243697946 -23.919509084851214 -55.25700538165137
56.6247283862992 -24.1252860030425 -55.34819216154822
56.660909153683626 -24.295660768205433 -55.36372392490251
56.70651899402687 -24.51658766490479 -55.439303785754404
56.75285320889947 -24.70351223669545 -55.46806825173514
56.7791730052419 -24.892107277213345 -55.531628856016916
56.85474755448105 -25.101854796032743 -55.586250043835534
56.86194571972612 -25.300189388064506 -55.62688901516185
56.90058120306373 -25.481098345586897 -55.662634640806665
56.943238915399846 -25.679830679549156 -55.716483110665706
56.984737227920796 -25.878269467785014 -55.768919059381986
57.025454420815954 -26.07641075819739 -55.82043269917697
57.063359088451605 -26.25816169965804 -55.84662888720935
57.090639587859464 -26.47036862742808 -55.906428509569295
57.129388102685176 -26.638296204593516 -55.9562964521969
57.14325265618735 -26.83684389301839 -55.93293298090277
57.158458969528226 -27.013205628706285 -55.98872322061498
57.18629008306414 -27.216369970973798 -56.0140871562092
57.21509717575793 -27.417862525072263 -56.045502861131496
57.23400743319469 -27.58762237092696 -56.09774950444936
57.249197978503005 -27.783675053457003 -56.096617519086806
57.28256054885401 -27.963132403176072 -56.14231675679034
57.313066501858934 -28.16861279767784 -56.15887510878851
57.30455305663403 -28.33673788055315 -56.17089772595745
57.33813130861534 -28.526947588239704 -56.244252813372604
57.360906666000524 -28.70113388511046 -56.28453618357868
57.358125157597456 -28.877518391621745 -56.284443486084186
57.3793759053734 -29.091876104601248 -56.28194204930769
57.36695700709377 -29.249664215819607 -56.311327715124186
57.399999380135675 -29.41565961162214 -56.34915721620043
57.42553395706199 -29.60929247827589 -56.36471777929905
57.405302359277925 -29.807349883367273 -56.357442468958894
57.4306516404785 -30.005935151696367 -56.374490951711465
57.446210920316155 -30.16446125430713 -56.41099011355425
57.41810508068819 -30.34914920257465 -56.40521062879087
57.46777073046171 -30.525506172618762 -56.417968423078946
57.44348136509513 -30.707274827294942 -56.39660209091643
57.4116510892118 -30.867705161468603 -56.442062181971224
57.475650513168866 -31.047052190628825 -56.458430966182746
57.4564143392094 -31.215236272324475 -56.47154068935007
57.448198130701165 -31.3870626651786 -56.48453071589488
57.46412915164461 -31.57696001474815 -56.482303905612405
57.47055760838191 -31.7435300342439 -56.489390350621235
57.465333828942235 -31.93278871711996 -56.50363464549218
57.43905786545922 -32.10606158973989 -56.47647477302514
57.43786809536996 -32.25552239186932 -56.468883198971604
57.41230480006216 -32.42805724399641 -56.4744982695759
57.38563723009704 -32.60021139331248 -56.47902559042461
57.38558546478263 -32.78970678142147 -56.45573268881529
57.3704382824532 -32.9554547180904 -56.46947765137884
57.35287120169575 -33.12353429727077 -56.45663490470947
57.34886382434119 -33.2888219508293 -56.44803656501349
57.33433047261768 -33.440690658887675 -56.433958802062634
57.29415543634038 -33.62096494542956 -56.410086163575336
57.295174688531944 -33.79108776125689 -56.42280751040778
57.272678339790005 -33.96573567376762 -56.39389764895944
57.25710487355706 -34.11083929470306 -56.373083295848865
57.24128203143509 -34.28017220504884 -56.37617521013846
57.21844502986715 -34.44915791970201 -56.373998183087686
57.16467068807768 -34.581851046320715 -56.32881717798664
57.141488755114935 -34.76655903454447 -56.32932005716193
57.12244841022463 -34.91565148557178 -56.30172316861096
57.10839693806122 -35.06267537708548 -56.304044943963234
57.09147923279103 -35.22466272114645 -56.25595853239672
57.03495290907631 -35.420404897692684 -56.2667969590056
57.00887157167574 -35.56119671758696 -56.20507471697651
56.99226219179431 -35.72496217085269 -56.199376956135254
56.95679101317934 -35.84911610589282 -56.18804440932507
56.93837728979781 -36.01259385837697 -56.18005978379912
56.907818898804116 -36.17832678810147 -56.13226882566582
56.817260818413345 -36.33098901688414 -56.07012844391177
56.77518731995069 -36.50099234695108 -56.03208354792934
56.75204486697319 -36.654099236909204 -56.01797685552608
56.73625151199496 -36.80328889630118 -56.001272216734684
56.719062657200034 -36.95164927621918 -55.98344569438413
56.6298396581589 -37.10038949280968 -55.932553978030285
56.5924305430071 -37.234253249596954 -55.886746462068395
56.55232966256698 -37.403925047693626 -55.8519199601778
56.48241474424925 -37.54585771574455 -55.79600998393655
56.45077474226249 -37.697065900901336 -55.74946283194335
56.416408084673144 -37.84753040198873 -55.77166635389394
56.39366062806896 -37.987510955955884 -55.70046307992406
56.294899775600705 -38.10920607182024 -55.64055604753711
56.27510310891601 -38.29122144150612 -55.62701840760553
56.2285077817913 -38.43335387770534 -55.58824544069472
56.14474305342376 -38.54362815435415 -55.48947474323947
56.1237223181745 -38.706944186361774 -55.489129069197126
56.05248755639884 -38.84562209105367 -55.42441099699387
55.98006384245788 -38.98341504226829 -55.3588499189535
55.948889740412675 -39.124830008893426 -55.33800886352374
55.89185538836766 -39.252626876796484 -55.29536727140867
55.83084873442914 -39.38399306712629 -55.230894456319675
55.76360417867776 -39.533752798966944 -55.199085199111124
55.688622848283075 -39.688425882204335 -55.115047571312864
55.63383707553577 -39.81459951870403 -55.05116081933047
55.56790422521311 -39.9332711081737 -55.001939344484796
55.49525905972716 -40.06687050890999 -54.93854283219038
55.41498437606122 -40.21190882579484 -54.86788705789497
55.344933907648915 -40.34215129016217 -54.795098131402504
55.276136645572606 -40.49206094421684 -54.73044338035452
55.208827157039195 -40.61472519068362 -54.6520116484896
55.140356192959196 -40.752474392234056 -54.63226480049071
55.072985307441286 -40.8762990154538 -54.550852009824695
54.99096676759785 -40.992755050611166 -54.46566716486743
54.90327312797152 -41.125910142487136 -54.4036679354549
54.81476397650548 -41.25678730712123 -54.31386634247434
54.79251890998434 -41.361328342049084 -54.29582951204594
54.70990815212817 -41.48205158182232 -54.212708136763034
54.59791185658325 -41.62523709638786 -54.10015814962846
54.536221363810824 -41.735943044358784 -54.080810920188284
54.477998851534025 -41.886161813579875 -54.00146813382364
54.36005852213711 -41.988859718854634 -53.883359700700964
54.28394863073559 -42.131214869759184 -53.816221013899614
54.19282690820216 -42.246053387936904 -53.763372454732625
54.08100759173613 -42.338112852298416 -53.631233068422375
54.00088646211756 -42.46019546514345 -53.55635983111477
53.94373467605118 -42.590243485336295 -53.498125461139225
53.83559325637337 -42.70222980683526 -53.40365401519398
53.75102669067414 -42.822439220899184 -53.32513130445298
53.66530452137864 -42.942264000372006 -53.24412736847619
53.57801566357406 -43.06106162033953 -53.16175958905942
53.48919805310009 -43.17885240924094 -53.07802293909761
53.399039216854696 -43.29573701034807 -52.992703341870694
53.307603451108186 -43.41185734407495 -52.905781489984605
53.16916996403419 -43.51337930885203 -52.792602115326744
53.0881670583744 -43.593755718166506 -52.71505503902803
52.98975945439594 -43.72400419754123 -52.64059236478721
52.90408308563696 -43.83588559061486 -52.556174322342606
52.81794210482807 -43.945519398627034 -52.45897632554151
52.693333129453386 -44.04363477978014 -52.31847985348625
52.56265597809227 -44.14133351049687 -52.208857990627976
52.47941808333589 -44.251893056691756 -52.121384781209855
52.37749356831916 -44.36977165870437 -52.024104578865845
52.26889935772887 -44.45678426341246 -51.921104603906954
52.15884022605907 -44.54289148542915 -51.81679511685549
52.01879801909867 -44.63793173354447 -51.719592279393524
51.921828219471955 -44.74551661544501 -51.61258957835129
51.833900594958315 -44.860602611743275 -51.51465923910421
51.69954083122463 -44.95438298627865 -51.38913532496529
51.58979617477702 -45.06161474223468 -51.292693447717554
51.481695221802305 -45.14516572745981 -51.194468284013546
51.37274234810109 -45.22822707676092 -51.09525025865317
51.26286023842055 -45.30996206593789 -50.994675104081686
51.17019338231015 -45.43463715979046 -50.87004276119211
51.05105989639807 -45.523610588335345 -50.77415739204665
50.89755260986981 -45.60532169569604 -50.63019725012373
50.770428724082244 -45.70979002951868 -50.49305356074728
50.688106985674835 -45.77677635982432 -50.4353146449756
50.52550017517061 -45.88087687657791 -50.262151664270256
50.42004402233964 -45.95201521370994 -50.18286926734863
50.27179705753552 -46.05774056970482 -50.05242278257346
50.15600604487926 -46.13546110198378 -49.92710310737922
50.02043152842383 -46.22004497518328 -49.82699508961296
49.88584407189376 -46.288515006385 -49.67429235569414
49.74797425110677 -46.35439367403712 -49.5308545809652
49.6562679635225 -46.447953773554836 -49.42003098507382
49.54225238755832 -46.53438981746295 -49.31974157344886
49.35666063515707 -46.60542277940944 -49.178128032355836
49.2376847359214 -46.70439596395204 -49.02876618216208
49.08876224900848 -46.7703617964325 -48.90267554305971
48.9613825133822 -46.83770227017735 -48.761892776962114
48.80101534760603 -46.922375203978675 -48.606606940768216
48.70761414144279 -46.99627880149273 -48.52937251427636
48.53546235997194 -47.06759039560497 -48.34925374716291
48.38614832268995 -47.15075913622766 -48.20296136842802
48.26005810695463 -47.204451482362714 -48.10102772827529
48.13030336333572 -47.28281193710257 -47.973037621846544
47.97843096887632 -47.36107506064993 -47.821581249993145
47.85053463239588 -47.424274748586996 -47.69814298155192
47.71372182585993 -47.485950591635316 -47.56011906514995
47.54915947719906 -47.55537813228467 -47.42092729594114
47.38716108847241 -47.613720173562875 -47.250109193779
47.24530528163328 -47.66006855993617 -47.101172966611
47.09000759311719 -47.73335968506675 -46.945491232960286
46.93368242787634 -47.7993624997032 -46.81048365633834
46.7710682135828 -47.84731528555843 -46.66407105155569
46.634870014773526 -47.926383882063746 -46.51946415434412
46.4469222172142 -47.96826041890482 -46.3467012334482
46.293346803515846 -48.00241394292101 -46.19451328772984
46.14439484133443 -48.06949310930338 -46.055834373375376
46.01647248993635 -48.13804081581636 -45.90424613115646
45.84313187562379 -48.185198832624266 -45.75432825761526
45.7005690383731 -48.21922678432008 -45.60965646568488
45.507850501045134 -48.27230865642795 -45.432579568286585
45.33350275254668 -48.31639812446296 -45.25942461614004
45.19638230440679 -48.396338372682735 -45.10777602737483
45.024388076384206 -48.43948884928705 -44.97154965809726
44.879464160207256 -48.490674331164676 -44.80680422772272
44.72555439349629 -48.52297564162569 -44.63998233236689
44.497959971349864 -48.56158160898572 -44.458539713102894
44.36242093676793 -48.595515567143174 -44.27555799405548
44.13251567598486 -48.612572394144834 -44.07723578593379
44.03357041188088 -48.67776360619088 -43.99741622877555
43.85770735864927 -48.73193869509948 -43.797241517587615
43.62590224181933 -48.75518272628948 -43.59675980049026
43.51071693144405 -48.807221973565724 -43.46518325160126
43.31248580336157 -48.8100618388249 -43.27373464425521
43.112170247461975 -48.85482041969093 -43.07105130301061
42.94365014466185 -48.87690903951543 -42.89154545644184
42.77604203028344 -48.9023184829032 -42.73909256388371
42.59456965782616 -48.95644434054781 -42.55829514308609
42.42646153377617 -48.99198443029868 -42.40291955693142
42.198820045497996 -48.98637473868617 -42.18344439205457
42.02815696651926 -49.01758221235863 -41.9994536378642
41.87628733438463 -49.08163812529573 -41.85305765276022
41.6634550628396 -49.079805208151335 -41.63418124319361
41.44829716627476 -49.089031697150084 -41.45616609994454
41.27131665038208 -49.093837434824714 -41.25245509661714
41.12961564290639 -49.128009052982 -41.129012652719155
40.92005008567376 -49.15688014019051 -40.9269950390686
40.68282584450073 -49.143090962221585 -40.68029358921116
40.545721258751605 -49.18477705679353 -40.551116891794926
40.32415026499029 -49.19071957012996 -40.332033344726156
40.1060474136507 -49.190889258637974 -40.13041530113386
39.904545515672545 -49.20854631401726 -39.91651940385158
39.7223191871769 -49.22129282977304 -39.731726894616735
39.51813825443218 -49.216103074653816 -39.52606635482645
39.30607898781047 -49.242954573411225 -39.32271015018108
39.083754630257296 -49.21941793712095 -39.115883447980735
38.9441537590827 -49.256480796525366 -38.970986830200694
38.73557301543657 -49.254773802065976 -38.763287175638084
38.51491663004293 -49.22682464670025 -38.545411390750274
38.269274955440494 -49.20654154244192 -38.31210875196781
38.07327374553321 -49.2155700685849 -38.10426277737619
37.8778601293562 -49.231084010174506 -37.90700819390831
37.66355084930558 -49.20517646077658 -37.70429999340934
37.43295248164176 -49.181728139404115 -37.470530124367976
37.213461338141826 -49.20204947262473 -37.25675113204625
37.04901452481105 -49.192459503126436 -37.094620799200605
36.77930606264687 -49.16166639522864 -36.8527204275836
36.5701103557939 -49.15529829957627 -36.62912180700868
36.35550311588876 -49.12250706978461 -36.40591265495346
36.15547508180732 -49.1438426784555 -36.20264352912072
35.93100093879172 -49.1179730243662 -35.99102431531701
35.697206184955334 -49.09661546114352 -35.75705782484379
35.48921500085358 -49.07038841718037 -35.53715247437346
35.26646738221902 -49.04069280550216 -35.32003124843068
35.05810558071234 -49.02636425613233 -35.11738435671619
34.790484078656405 -48.959430257323575 -34.85885542824527
34.60096208794218 -48.98224594541293 -34.6603095334632
34.35142526919329 -48.92041882604244 -34.43128913529297
34.17067851010943 -48.91716238171511 -34.23897230861921
33.90904195100935 -48.850118500265296 -33.98871356110254
33.700176902023614 -48.84618864362213 -33.78165958627398
33.43441452045314 -48.760992130870406 -33.52218145261457
33.20816289965907 -48.761378586923534 -33.2759954545479
32.92156881254901 -48.66514404536923 -32.9926905418322
32.72456800666014 -48.645473599760564 -32.81543875696428
32.50047085220212 -48.64059542004818 -32.59419138759699
32.27061757862463 -48.577133808759655 -32.34940779511722
31.98420889083658 -48.490641302000185 -32.07059042347323
31.778008812087947 -48.48749409330536 -31.853802834409244
31.503831348869383 -48.41442302434475 -31.593530766722495
31.274802194672596 -48.37209600162179 -31.338854344952995
31.032602213239624 -48.29285449684085 -31.123178624907148
30.763230991676643 -48.21882069685858 -30.852827174298998
30.53583218177527 -48.167729773809 -30.635784967410153
30.254427890319935 -48.08988411661758 -30.340453717986048
30.003217360415952 -48.02381512744731 -30.082624622726808
29.80599300380654 -47.98830508719069 -29.87347315814224
29.52805512259251 -47.9196301876674 -29.605273001765003
29.274109511806525 -47.85747180287927 -29.364876476305362
29.0042356044272 -47.76673254575543 -29.074279664009744
28.731565226071996 -47.68666253286347 -28.81605377924159
28.47932827310721 -47.62396764766789 -28.581127963483564
28.259014371401268 -47.538960103002545 -28.347644367920903
27.979055645783443 -47.483110898955054 -28.059490280401413
27.72904842974833 -47.38202956753356 -27.82355549868854
27.458673002660923 -47.30260237868101 -27.557070480999826
27.197773325307526 -47.18203693276907 -27.283074199700007
26.926561093446363 -47.10442628681082 -27.012544375459694
26.65520566486777 -47.00558431781181 -26.72436019779835
26.381620853522985 -46.90422426602428 -26.43475809790953
26.09034174142535 -46.78847932448212 -26.179870910455044
25.84904760612216 -46.75538508680979 -25.90987058041049
25.563998760260766 -46.59565936884809 -25.61351953658287
25.278020602544625 -46.49817779655961 -25.360560715359437
25.02887130925243 -46.39813627002686 -25.104143084349367
24.774822935427082 -46.32417575836437 -24.83726992146323
24.46619913624407 -46.18911368503513 -24.53712678125365
24.195285538906816 -46.06069940795571 -24.245611852664116
23.924727296243546 -45.9628469338525 -23.986750371246444
23.639540323506942 -45.85306901710351 -23.683237311951515
23.308304844905322 -45.68018363846612 -23.363835692945763
23.052776020308276 -45.60452571964315 -23.112012626779418
22.77246743141101 -45.46068312834762 -22.821523164128788
22.497403676348558 -45.33244655225438 -22.52689715549942
22.21197858598607 -45.22239985441691 -22.246411285868415
21.904340198757644 -45.036378505076925 -21.94445014953428
21.604284809970665 -44.9444250892553 -21.64700426216709
21.3009962152243 -44.76934731226307 -21.307227945338713
21.041170665359314 -44.63655230137699 -21.046488258881276
20.726719577273503 -44.505003042783834 -20.744811961153097
20.442906515006808 -44.36389377572156 -20.447317566527893
20.137025488792187 -44.19353676696348 -20.160878116765833
19.832326965790827 -44.03785146523096 -19.845893585706403
19.521266447178743 -43.82697927960487 -19.528620306124726
19.209743079874922 -43.685390304035266 -19.205529594896124
18.949350525831726 -43.570892784569615 -18.930744893585757
18.650622713864188 -43.37234790362681 -18.64501900298585
18.313686874496426 -43.15868391328481 -18.287352834402018
18.018126720949866 -43.080302795620064 -17.976872009152434
17.6730278523301 -42.827183158484246 -17.635783824499292
17.397626715786505 -42.663575141022 -17.343655147359726
17.077355904097733 -42.50934266442096 -17.049832253570983
16.77542972630244 -42.32580321849951 -16.73381999545515
16.430841459402536 -42.05666892385995 -16.372609966451773
16.137235068598198 -41.92054722618563 -16.051482465236003
15.805007693340027 -41.70624111171975 -15.727596886565689
15.492974630500372 -41.51943616010828 -15.413481809742729
15.210459299770612 -41.3028413838443 -15.110303578193802
14.8824335215982 -41.119368652852614 -14.780253996353734
14.556996578047423 -40.87260959493855 -14.442601308491671
14.22599913232081 -40.64657377340467 -14.112795367692145
13.923643057554354 -40.485105134879774 -13.793582498588423
13.592156617779867 -40.25243071496449 -13.463249009569292
13.25993918105949 -39.978185172436326 -13.124951713015157
12.923530036258533 -39.76232445410781 -12.776597386779944
12.578566426183226 -39.53760422402208 -12.417855277612107
12.249923107397565 -39.27272696510047 -12.075544034342798
11.919319515167834 -39.00343108104982 -11.731097973123985
11.58270143710978 -38.76907510820226 -11.386252058457902
11.264159683568973 -38.52333689107832 -11.054232649134295
10.93338868980035 -38.30760349207879 -10.719265774275359
10.552942496680307 -37.97805448892416 -10.330144435057798
10.21019912607618 -37.70550697347008 -9.973302568731137
9.88248066603308 -37.431492340243864 -9.63985312764962
9.521843756518539 -37.15736849262465 -9.257358460599114
9.187676733197838 -36.87171204666744 -8.916301271244878
8.8805178271367 -36.601505226317265 -8.591307878187502
8.525292716326396 -36.31717297242106 -8.220196361852976
8.182639274520339 -35.9904916409854 -7.85344417111286
7.789837132520455 -35.64900136434213 -7.451097957864224
7.422255553692618 -35.294370797648554 -7.083042740644366
7.120151245012065 -35.02113509846072 -6.756017227869392
6.766831932496023 -34.69888074118968 -6.384986362083379
6.404883426548126 -34.35160621977282 -6.006371532234808
6.067384985577815 -34.08493152163894 -5.649194387710005
5.706997149629387 -33.69986486963753 -5.273237768796442
5.316694604909956 -33.304392444455814 -4.872891796765758
4.991135834252613 -33.03096827959549 -4.52466931943136
4.627342680330761 -32.62838816452351 -4.151237011502267
4.253831470668287 -32.256389300603324 -3.753256791292127
3.879484840663455 -31.87644683144852 -3.353373601099207
3.503900024568153 -31.489073984458695 -2.951746847580486
3.150269128145895 -31.07463989042686 -2.581148700975997
2.777168908929058 -30.65391835136523 -2.19686400290815
2.434068362730863 -30.301273083438833 -1.844067644191865
2.06167378578439 -29.8923631478069 -1.440066590071181
1.663176180396426 -29.42736708225519 -1.016888653343671
1.350942213290191 -29.030929324329847 -0.679764063583141
0.962951905151919 -28.571368334100452 -0.272793910321878
0.588021428097718 -28.122588292564522 0.120367233405466
0.208768899872104 -27.609685115604176 0.543208610094542
-0.160322197125266 -27.17086603256147 0.916547087912575
-0.542074655382712 -26.66421932749627 1.326214164191972
-0.872395487904849 -26.20083504499713 1.673204321285304
-1.249483829859926 -25.72028052547917 2.067960745940516
-1.615646278256067 -25.15685200743847 2.459936418061521
-1.979765073559326 -24.659146723048206 2.849280540481367
-2.38926054551077 -24.07558807972856 3.232481790112971
-2.693978115794957 -23.576288237821267 3.570033684997094
-3.038857257661351 -22.99555874998595 3.925098892829319
-3.424009295132981 -22.451359784063843 4.313145110428612
-3.782361871574996 -21.85227026850509 4.676984502520716
-4.162885868813801 -21.230322492588943 5.063116098402351
-4.509682744261073 -20.62122698051518 5.397726530778367
-4.881840835821371 -20.040846215594193 5.778295310914149
-5.241810512370025 -19.434734036763654 6.131564824168856
-5.532012862576453 -18.749766822786675 6.397662065668535
-5.88617853703624 -18.139877421839522 6.769888565126207
-6.189425961406221 -17.50967808641485 7.064544097606172
-6.51222465266353 -16.83564664223666 7.360122195782126
-6.854806031451053 -16.120664864768795 7.68407536537518
-7.182940894947497 -15.423948937740743 7.964368545554862
-7.500378832943135 -14.708156204806649 8.284274698281246
-7.811768610159926 -13.987593675915438 8.562910712025378
-8.12873906961423 -13.233914020712797 8.833926488200023
-8.458357737610479 -12.535332558797183 9.141355629092155
-8.724062514522725 -11.74285473403328 9.375193650552912
-9.029281502025892 -11.02778846284719 9.643314343065619
-9.298345723507323 -10.230566395696734 9.875745682685151
-9.533864505430234 -9.467061533719214 10.055439248462674
-9.785314475362073 -8.655369679180664 10.251861090277487
-10.080559851088275 -7.842198413266774 10.49531555061867
-10.282651561112454 -7.095901179500096 10.662594330787323
-10.524281009136224 -6.259492255483474 10.831805910467937
-10.776905668217394 -5.43845748966304 11.021708913408952
-10.950160425725267 -4.61512120687411 11.135593751682492
-11.169676035345923 -3.768268586318305 11.271084996581012
-11.37221291734772 -2.932249537851634 11.404337065176133
-11.5340287884701 -2.0937823764515 11.502347588947854
-11.701237046236937 -1.297732297235836 11.604367440383777
-11.877615532944837 -0.377906469254164 11.669476164596697
-12.054786003227997 0.452836303494119 11.780273098375005
-12.176039342880294 1.272300692744812 11.834431465413665
-12.268495854098168 2.12907196579648 11.845564738922048
-12.37929205920271 2.945128943008978 11.85739927894379
-12.503997505271256 3.77039397457482 11.89655726627209
-12.566021558075507 4.60207371099234 11.876207928655495
-12.682611274711324 5.410837458919566 11.875245896122351
-12.794882005689065 6.2612902621687 11.89363918283145
-12.807528408634758 7.06439669924652 11.817259303701439
-12.908533055638726 7.95721996343901 11.82286525519953
-12.911936141516271 8.659638775978033 11.72016552245472
-12.983508222557457 9.5396444773208 11.692256965529479
-13.004814921885922 10.322738952643322 11.59883613768778
-13.03080501462673 11.072544949459827 11.532526064817322
-13.009818138955898 11.883108964453376 11.416288883525747
-13.016056252709513 12.652835376375835 11.324807487094642
-13.018213816631631 13.43296175202858 11.1996591852044
-13.025931019948423 14.182560421650841 11.102081768786595
-13.038635069167764 14.986112570668633 11.010799689639843
-12.991674583228251 15.67590572495789 10.880880667290672
-12.991057356392545 16.493311967081322 10.7617912537526
-12.958121461258077 17.23632758351381 10.628072192785316
-12.925202959475195 17.937198339223556 10.49576082266467
-12.841824610639234 18.57263189758757 10.294057965267449
-12.814899063610248 19.33784545429119 10.153439790503768
-12.754472796687987 20.02557030216454 9.974196635657739
-12.696460810204707 20.707635130198998 9.824131682574002
-12.628373984104094 21.392113401457816 9.664867067094695
-12.576818923948634 22.09359616349674 9.497530475276832
-12.496952959319625 22.787456685211385 9.316004338575542
-12.417152443154215 23.41491545123904 9.134516555114935
-12.334499760630878 24.071342795434646 8.935176771156318
-12.280826450931384 24.755042346137223 8.780580881424322
-12.18733935968705 25.40226749725483 8.558859235629901
-12.092431438654044 26.029393683460157 8.387565393332602
-11.97995911095396 26.679079487324717 8.140705101964812
-11.94458573717296 27.31176429466922 8.01170483326917
-11.824326398661263 27.938502959021356 7.79115508565144
-11.71456651884972 28.508121571206964 7.547093773068895
-11.584792301998048 29.138468945552315 7.330154536302383
-11.511278992548833 29.71725441178904 7.156181277859718
-11.405375709772466 30.312448092377917 6.956959677141437
-11.258007435273889 30.87786783895391 6.677266570705878
-11.167815388791249 31.508237480020664 6.500028739648057
-11.039293182856332 32.04029897498539 6.239836353780891
-10.916241451005824 32.58326378688981 6.039355753308739
-10.759503366336817 33.12326382194157 5.792240013831231
-10.64660745112766 33.65200691329261 5.570830071577703
-10.53142253039587 34.21240735019033 5.34364394254447
-10.41426744078 34.76720726747294 5.114877809017562
-10.295282512816327 35.3163963764655 4.884611183694013
-10.18471639481469 35.95155182605791 4.69479462315665
-10.0278490598184 36.45111713832208 4.444640318586262
-9.892282518048704 36.98046620351377 4.185322167109745
-9.726878701940326 37.39331222081595 3.953267082811575
-9.680801724607974 38.031650259400145 3.757555998077859
-9.52714065130819 38.54852715344392 3.498096991024277
-9.395406604895538 38.942352104199216 3.306227067376745
-9.161589247324166 39.43283825159882 2.977360884325163
-9.02641151003263 39.91161799529615 2.731570449415707
-8.952586681177275 40.44972364576716 2.557820381668347
-8.783703248456845 40.844491785141415 2.304155533641483
-8.622796771112185 41.41326360006592 2.042065054133122
-8.480425571618447 41.87016767696464 1.804559399469763
-8.336985068295842 42.32224791728808 1.566467905586139
-8.192398235721692 42.76957641509747 1.327836354033623
-8.046654444924677 43.2124061544191 1.088635785689142
-7.899865698624434 43.650733938617535 0.84880694311156
-7.752041720590577 44.084500365463036 0.6084045095778
-7.580905319488642 44.516830932832754 0.354925474814034
-7.420382090172332 44.898082582029886 0.090438250302275
-7.275073945945516 45.33580734473017 -0.149393933517995
-7.128997747072295 45.76912318846864 -0.389266296568664
-6.94045276898277 46.17310662443386 -0.657363211370174
-6.829266137915759 46.62619015236404 -0.866990608580366
-6.665590133262574 47.12060837556054 -1.126319602266801
-6.533418548029075 47.46175170870597 -1.347750368625075
-6.3821560205448 47.87518646480107 -1.587696350607379
-6.195289453709587 48.24346965344799 -1.867883535469628
-6.013516683520248 48.64158332086298 -2.128494892243809
-5.87269035665492 49.064413282627335 -2.334667657668448
-5.715321203998594 49.43674229454799 -2.589322201091242
-5.557348470075798 49.80514301539066 -2.843670587733484
-5.380826846502941 50.14057607300742 -3.044883941100907
-5.234540708708233 50.51709987601082 -3.278957221102866
-5.045403598735279 50.85097801225871 -3.551187029000298
-4.903138345289663 51.22067380936816 -3.793757632612221
-4.737852861824335 51.58648580140076 -4.022332120863688
-4.560342601900749 51.99553736790004 -4.250940769630673
-4.421208717953333 52.40437377197695 -4.543053157148553
-4.254981209164852 52.754833965561545 -4.771254993174339
-4.088367859270911 53.10183893239525 -4.999041005780842
-3.921417680851742 53.445460993979204 -5.226363278253774
-3.754195589497622 53.78574432462792 -5.453191496468966
-3.570708308040548 54.03782804204429 -5.707227222288927
-3.446916336595991 54.433141796943175 -5.917250364529259
-3.258980544934005 54.83734279032172 -6.195168674458205
-3.084898465554813 55.131922989361044 -6.406244781020258
-2.942869918864486 55.44299386546517 -6.638378679640221
-2.728600717148535 55.77218514846312 -6.924886002303888
-2.576644669588117 56.08334052754224 -7.155121331136271
-2.431018879502589 56.35971484521736 -7.372973684874847
-2.266469082724562 56.65539973317509 -7.586961886391117
-2.101799190085464 56.94796025611661 -7.800535201232115
-1.918655115986952 57.24244219620986 -8.052466733698912
-1.766455401602863 57.59130748879427 -8.287341580586116
-1.588784664715863 57.88155177331784 -8.513333423685909
-1.410988193691441 58.168598606400955 -8.738809966915204
-1.261083847962476 58.42343464975669 -8.977485141854398
-1.097385166860987 58.737614360086106 -9.180942637111082
-0.902224080042983 59.062340752626305 -9.459327700702262
-0.721938932837048 59.340430457189676 -9.679512876541278
-0.563084234466299 59.62714947660727 -9.905580706507992
-0.438280655258853 59.85515009376467 -10.079399100507368
-0.276996639757199 60.12849261091069 -10.322146478487335
-0.042818499592234 60.3630411004949 -10.615145840168752
0.123005878139518 60.6192610599179 -10.845318391163117
0.297365307818265 60.86427658942889 -11.029279842759625
0.460316065335196 61.12851504375417 -11.26738735524413
0.567749181477728 61.39607587720359 -11.454124031906746
0.760699106658492 61.66111277327326 -11.669580369518116
0.920197631912551 61.88114160754228 -11.913397925764391
1.079958411163343 62.13172944748138 -12.114593296349243
1.239524148226337 62.37973099305431 -12.315282327667164
1.398885797696858 62.625136836535006 -12.51548314846436
1.620014399581371 62.94191957485397 -12.822013339436975
1.789115446960334 63.18784385230748 -13.021332451741548
1.958853949825824 63.40046176644822 -13.256540841199424
2.110335199071995 63.60145096965381 -13.433481727835916
2.302054695567871 63.884059633702066 -13.696926000132498
2.452256429993446 64.11459841443397 -13.908661771175623
2.602384605009601 64.34252567485814 -14.1198803431655
2.788224774763267 64.547144468053 -14.340385971448177
2.9578197411848 64.75868201480671 -14.537503327255374
3.069778935143048 64.95452035638215 -14.702785370872181
3.276304758999971 65.18666881062758 -14.968508381922408
3.453186668768621 65.39982949796092 -15.177753284042064
3.611065673975721 65.60185962612857 -15.368402703949421
3.768567703181035 65.80156533226238 -15.558126008703672
3.89865030033464 66.0034518756858 -15.754039143293644
4.080008640631385 66.28732312693381 -15.996761208189296
4.241747227587548 66.4743877889787 -16.198696766707315
4.403164802659038 66.6590192254314 -16.399756953499715
4.564148208363121 66.84125019042888 -16.59995128920163
4.724582400418824 67.02116303609209 -16.799253305798516
4.935966756468013 67.1586416669144 -17.035449708774145
5.09089252774615 67.36760808248025 -17.241380461762336
5.245136932948121 67.57417116990638 -17.446588139230943
5.405080598221983 67.7757652712449 -17.633765135969924
5.596559626347817 67.90484759745995 -17.850520056489284
5.753813653311448 68.02840077957927 -18.055047601185095
5.92401898013384 68.20993304217524 -18.270908193735664
6.082804425135374 68.46701566505064 -18.45694625932016
6.247724498439277 68.62674410157777 -18.675668103171674
6.398878021692836 68.82841821182468 -18.85363205753282
6.546688237713775 68.99535388379768 -19.05212571993136
6.694180478605304 69.16022250344082 -19.24973217445709
6.897795153180216 69.26888354861318 -19.442017612586177
7.038776203225158 69.41583560627762 -19.643730428869222
7.179439616394782 69.56085103120407 -19.844577643945872
7.415068713956976 69.72265229019014 -20.113010725391106
7.565935084072401 69.82887006401913 -20.289443680354864
7.671555896353776 70.03053836941399 -20.43037149275571
7.851909854814814 70.17542023987835 -20.637463974540502
8.031885230098405 70.31838744467042 -20.84377494226082
8.152945203068438 70.43019862248919 -20.985599869785695
8.337547482579925 70.5743228570078 -21.18585344289683
8.485883695121053 70.76664168884865 -21.385628753639846
8.694378922079922 70.84525918003528 -21.60714677533849
8.853045957138002 70.97332227507236 -21.793706790092497
9.00579047927832 71.09994733099317 -21.99912982753925
9.163877546905562 71.23436133346087 -22.146290268995923
9.297688851554364 71.37006512344806 -22.341106659057676
9.45447711816439 71.49925997605155 -22.504925606875883
9.621398681508703 71.52722776399438 -22.694091082837083
9.774580751484299 71.64601744592879 -22.87146118291127
9.92875797599903 71.77477941960387 -23.075697793319694
10.095677479960312 71.89684337807023 -23.25841704696861
10.213337308556286 72.10520660130516 -23.402345080773163
10.427750537010665 72.15060733418636 -23.617943693001695
10.572140526982944 72.27366830646405 -23.78843528841628
10.717771110995223 72.42320404407556 -23.970610827140497
10.857492934725796 72.53589123964447 -24.16987530632169
11.003671810922087 72.63381629451645 -24.294040683361267
11.146647192041442 72.75068958772623 -24.46106025218311
11.289181590775154 72.86596994786596 -24.62737488225682
11.512477825564574 73.00407590234774 -24.896336822671437
11.608583476114957 73.11908942474568 -25.011469983944345
11.756322171291078 73.20313583844776 -25.196911850243197
11.96977649212171 73.18122640790466 -25.380497215419346
12.112116128886344 73.27208132750279 -25.56666447255651
12.253942676527698 73.36140741278504 -25.751869267538098
12.39060220923204 73.40117992748137 -25.90432855950914
12.559295917126459 73.4929817783518 -26.057249518166895
12.699689117511445 73.58948483267113 -26.22884091822997
12.83942225597327 73.68467504219883 -26.399543709096992
12.978461202493216 73.77853908383656 -26.569341752005162
13.116821080086389 73.87097319623648 -26.738232201717246
13.266529692005653 73.88618491759071 -26.89844392679944
13.4176957739471 73.94804510529363 -27.05804734397551
13.601211616568765 74.05289825090719 -27.260291651470606
13.76008071200469 74.1338862920926 -27.406360774214104
13.867459896395667 74.12553666406546 -27.532092611384638
14.016088052960493 74.1819971312222 -27.688540280272083
14.164099854019542 74.23710320867968 -27.84422939121796
14.317000291999342 74.48952084095998 -28.025782297998518
14.491768822637331 74.48478656305345 -28.198046353973776
14.593026180036501 74.51731691858443 -28.332299775357026
14.734646901519637 74.56015819933846 -28.51491537956239
14.926433657174764 74.59780850479781 -28.65892530655009
15.078784138115129 74.65341350515399 -28.8312495187307
15.162702521877877 74.76574106557345 -28.982425355652627
15.331732515368811 74.72113216837592 -29.12112679914474
15.465046927536603 74.77135098787262 -29.28576043086016
15.647226824407593 74.84026909585987 -29.4933036086303
15.802172651653489 74.88724059529731 -29.64628820355599
15.903058895523573 74.91530511105923 -29.71937486777489
16.04866753227241 74.9536299472337 -29.87927042133043
16.197120122369665 75.06269984673976 -30.067426495672017
16.335563791384487 75.06025604805066 -30.221829620558708
16.482028243866903 75.06143982126285 -30.355567932773962
16.625202729565256 75.09494080165156 -30.513137605607753
16.767578170888143 75.12712845459893 -30.669980370767647
16.86361706227957 75.20219972900446 -30.75691306698407
17.013873338087528 75.2320644336524 -30.923395677111742
17.163658339390334 75.26070198819338 -31.089315339041622
17.312943953741787 75.28809455767916 -31.254670898633638
17.438968120235934 75.3177434655183 -31.401516722723336
17.574342087585826 75.34932362209175 -31.53456056606544
17.70923584208601 75.37977342174877 -31.666939806776256
17.843603765280825 75.40911252321074 -31.798643330423225
17.97742530387132 75.43732601847279 -31.929655317215953
18.110710638712483 75.46440147313665 -32.0600094464614
18.2219991465075 75.50789571175783 -32.18099644307929
18.33650646303264 75.53077218867918 -32.33409984497403
18.5111544921991 75.54182698313805 -32.52036247567346
18.643635554376214 75.53958952515752 -32.60382304603015
18.768300281655566 75.53695293159265 -32.752042347872894
18.892474055531114 75.5332187889488 -32.89971754735865
19.035211072190215 75.42317767268146 -33.01307544268706
19.177963022871634 75.43534285197443 -33.15900267984811
19.32021688368379 75.44638240156912 -33.30431723664595
19.40788154707518 75.43806060403642 -33.38007959017956
19.555124607057746 75.44243946002948 -33.5143051971589
19.712914057781774 75.56461327933918 -33.702411250282125
19.834927320453126 75.549156029991 -33.84641355069911
19.992899473726037 75.47678592204336 -33.94608327032402
20.113312013628875 75.46238136068365 -34.06566496064783
20.233261196932208 75.44682543126804 -34.18477549833731
20.352732928718464 75.43018355303707 -34.303462614465765
20.475689987696786 75.47332889731926 -34.47627283236817
20.612718143561345 75.47356268514433 -34.59015678138697
20.6904636983505 75.36540293713944 -34.65611718759211
20.82566477218711 75.35272702708319 -34.77363598395118
20.94256210245358 75.33057097824174 -34.8899926152374
21.059031583084543 75.30731577512675 -35.00586373783013
21.175088523947924 75.28293905933839 -35.121232657915634
21.290734511257522 75.25742700156249 -35.23608590456
21.40596798777788 75.23077247213705 -35.35041403305626
21.52078821227154 75.20296909880493 -35.46421262334531
21.635195933871223 75.17401226416979 -35.57748407574938
21.849237371282104 75.35516315885772 -35.83815042848047
21.933351539387093 75.23285531269053 -35.84737246190541
22.033397835561836 75.19271208432593 -35.96221993625282
22.133013658560593 75.1513711040613 -36.076606897615484
22.341575669802943 75.22853324691535 -36.30119778673079
22.401118759864456 75.0938530799323 -36.35932232575341
22.538428979451584 75.0515817494546 -36.47100539556334
22.67533286497337 75.00812540420958 -36.58218122193702
22.769650740541106 74.91918234101264 -36.67496238887697
22.900341262267137 74.87781656083789 -36.791401805772615
23.030671451513133 74.83530535976055 -36.907316147380705
23.160626838128522 74.7916561375952 -37.022707171860304
23.290197297522216 74.74688271067264 -37.137585147788755
23.401545506304615 74.75043563883857 -37.27550091318598
23.491567615214233 74.71553955564657 -37.37423105664431
23.590995333220974 74.78170553956483 -37.43534762958813
23.70652837241972 74.71516186523849 -37.5533691987587
23.821677743153778 74.647441998804 -37.670878305818604
23.965983754144702 74.48720016003183 -37.78710628892006
24.076994978807615 74.41991365107387 -37.87216330151941
24.187625475425804 74.35148833797588 -37.956742083091505
24.240216258436856 74.40290802623831 -38.023939064420404
24.36640365317426 74.33739557102973 -38.126125217083825
24.48600499630419 74.31189191379381 -38.25000530696696
24.608081488527155 74.24148018467368 -38.35078410617551
24.729841781880655 74.16957226778021 -38.45100819985801
24.87116499801835 74.06352711883265 -38.60579520260075
24.983009202857936 73.9885625383237 -38.68237149390825
25.03940670354131 73.87346388511433 -38.72377615161875
25.138565665159362 73.78989127769516 -38.81736050869826
25.23744103521274 73.70510043210419 -38.910465549710715
25.336019665712303 73.61910424656335 -39.00308788873495
25.520146997799035 73.58005692178179 -39.19012802156248
25.604508928779246 73.67377457730156 -39.247647092328236
25.717114184764288 73.5689476677977 -39.334874994932676
25.829506389152552 73.46258452093575 -39.42160308380262
25.94212839325302 73.34869633104394 -39.517199963371745
26.044219370339583 73.24635408734125 -39.60923699589034
26.1460929202074 73.14283405906095 -39.700404155389634
26.247687889187556 73.03811886307935 -39.790927699332755
26.362038881072234 73.07301783130272 -39.871081120581294
26.455471983841225 72.96928879807557 -39.96295530954574
26.54853271221935 72.86427721113436 -40.05417865925404
26.695906791247634 72.72512581040418 -40.13783749000097
26.775353003052167 72.62807054208197 -40.221397603990624
26.85440466565319 72.52978476027008 -40.304439674545684
26.974700333999586 72.50008124904762 -40.410252148216884
27.068956694079642 72.40009856166469 -40.47639449496623
27.162794921258968 72.29891128377717 -40.542144145164116
27.256016485802 72.19636292969457 -40.607610604689306
27.363784754025296 72.00443376508257 -40.68923513264167
27.46562713749543 71.90193025724444 -40.75544198097536
27.58169287205191 71.79147244324434 -40.86248560826974
27.681093045859086 71.7573625788441 -40.9326125660587
27.760845802396698 71.66381602586004 -41.01704360060643
27.877402489212635 71.43439592015395 -41.093931163959425
27.965330576294253 71.32599806921141 -41.16264554190762
28.052659111988927 71.21640992881942 -41.23098025501333
28.13949494036111 71.10555014252897 -41.298991012683885
28.269500668458285 71.0498978662064 -41.40498665941824
28.339781296595984 70.92001826813305 -41.44682447984777
28.405857697875298 70.81494896933293 -41.5002388703148
28.55098470613812 70.70730998729128 -41.613606693778344
28.644024417729707 70.61596788890793 -41.68994085768261
28.72905734007174 70.43039909926841 -41.73302224742153
28.80584782741336 70.32488662222201 -41.78937900494128
28.882061110602674 70.21781947149634 -41.84537702703676
28.957740063304012 70.1092262057659 -41.900983188651814
29.032911299878194 69.99906044451882 -41.956219461238476
29.13244193212746 69.88844673542711 -42.030170367265065
29.237331130550693 69.74508309158803 -42.089060346238334
29.356136767644593 69.59374642597342 -42.18146044090777
29.40699064443222 69.37961382927108 -42.20044432837634
29.492682801854105 69.23399032696187 -42.27726228083571
29.58910511276852 69.1876381428358 -42.35549647878248
29.683088473737968 69.02934886773086 -42.409185375563645
29.776884873869527 68.86963405705465 -42.46246825884092
29.870254517206966 68.70848131130157 -42.515208681725866
29.937818062099062 68.67656997391246 -42.584461518518175
30.025893658212393 68.3682387861498 -42.624319614195045
30.095784209671173 68.23182277936124 -42.66466962374948
30.165229711950953 68.09393363553342 -42.7043851305573
30.23421018589463 67.95453726606333 -42.74346033588889
30.30272025963873 67.8136198265589 -42.781880966634056
30.419108969723723 67.74750017978101 -42.882954420765586
30.497183049254566 67.5865752806717 -42.94688559109439
30.5458168836045 67.40062783427975 -42.9603990053337
30.61496432261078 67.22255983656815 -42.99257053892962
30.706436694638963 67.07961858146055 -43.065189460681516
30.79898122692967 66.9050224477989 -43.09040252805201
30.877605743121443 66.82200985984875 -43.15169004352037
30.974662015305487 66.67228262359696 -43.23316229944847
30.99331244187417 66.37643841870647 -43.21486333103288
31.084221355705676 66.23159671065878 -43.24506073142504
31.174564387045475 66.08529953943592 -43.27439489972978
31.272823187973316 65.82111256720844 -43.36012934811153
31.356108586475813 65.74214201494416 -43.39400910280323
31.427900807744667 65.55914392039621 -43.44044225655488
31.47177283416022 65.35603523865299 -43.471003857855216
31.5220802777211 65.19203082049607 -43.496197052733585
31.59230347973128 65.01528303154258 -43.522801880476756
31.662124422382888 64.8364673753635 -43.548982153583225
31.731768483313243 64.65579014377114 -43.574378637518286
31.800994869669047 64.47348737476933 -43.59891903549897
31.86657333118528 64.24351598318583 -43.653337065423834
31.955266390704548 64.18190522134206 -43.70667193106608
32.0320800097976 63.98449718036054 -43.73868332303923
32.06175897701112 63.65986797318358 -43.71526397547011
32.11764398346774 63.47695702072938 -43.72327526397008
32.183125680482604 63.39780787022527 -43.81043365685524
32.25690115976495 63.21434888707825 -43.823696751745615
32.32996741689527 63.0291228087211 -43.836030186863645
32.345315892526195 62.80186738482958 -43.8511421335578
32.418498818989264 62.61070613607744 -43.87611122109501
32.49091651208318 62.41768177987236 -43.90012504338328
32.520515337416455 62.168572839187604 -43.89163572293832
32.58095649008704 61.95853766193354 -43.904776782891155
32.64071459197702 61.74673446976707 -43.91712417160423
32.69974868348468 61.533237397142955 -43.928743017094284
32.76345912281935 61.35562830723582 -43.94909875301982
32.81583000731104 61.101487415463446 -43.94962548094004
32.87299277517905 60.88330775074445 -43.95879902438448
32.9334032320785 60.70361121225011 -43.99707507973391
32.966910973564865 60.50903130265595 -44.02065623847069
32.95168966914553 60.27340643988922 -43.926542971983146
33.00661676262117 60.03872436355525 -43.93927830361462
33.10740963845467 59.90287916741613 -43.97090650540844
33.147488511127484 59.69492300944336 -43.97598503627711
33.2008853506936 59.430629088884466 -43.981858711504294
33.23183374008351 59.20616326922162 -43.992497537173
33.31368605152497 59.06740118225248 -44.01658201951788
33.36118739934645 58.75877473064935 -44.01473898872912
33.39530617167256 58.55579961649006 -44.0373579118257
33.4477392104623 58.32872265252387 -44.02627720856127
33.49956939645057 58.099658694762525 -44.014323802093514
33.540873209231464 57.83895559640774 -44.002718978395784
33.56825770716688 57.592379787888326 -43.98280839729121
33.60661494596419 57.369451317019035 -44.005747611541985
33.65069169390246 57.13976616284976 -43.9763924674943
33.70022173630407 56.88772529709627 -43.97661634925664
33.71613869560595 56.64660539731854 -43.953533586142484
33.73176304180271 56.40371150352648 -43.9293796824067
33.79372077892479 56.161592831795616 -43.93091804321578
33.83095149438237 56.07865901132866 -43.92935390019901
33.85269897346381 55.8181263383436 -43.917562811877794
33.87368401361774 55.55571774218073 -43.904654998946576
33.89393227521806 55.29140707678534 -43.89060504781508
33.982321411337885 54.96762030231321 -43.885773148464565
33.91029608949432 54.721239647054034 -43.7761164496705
33.95670901223086 54.470953457777426 -43.76576783447824
34.00264171996718 54.218813259794516 -43.75435182218225
34.04799408820723 53.96486421865083 -43.74178622563291
34.09263152631404 53.7090376550259 -43.728203491649175
34.169661675959446 53.532233384236186 -43.76631256820929
34.156902399238355 53.332967965937854 -43.685782298396326
34.18074552186465 53.065172317700736 -43.670537710919746
34.203650949837645 52.795410375550816 -43.65402904674714
34.20263901612714 52.47484198465028 -43.589611824289804
34.24434891458249 52.22202895969201 -43.56685489442131
34.24295423639421 51.957569771863604 -43.529894188860595
34.246530316394455 51.65338319465183 -43.46411566320567
34.27959885049954 51.40355057242028 -43.43438050339222
34.312036717324396 51.1520326511462 -43.40338247546441
34.30961701643507 50.93185540166813 -43.36056855157077
34.33456076770245 50.662783204500826 -43.323502370883034
34.35867224644805 50.391538016167296 -43.28517618075524
34.37937208974612 50.04278265427877 -43.270831533525026
34.40631456871365 49.82029548606168 -43.24132781772793
34.40962993219607 49.543672206675254 -43.19420268865753
34.410690397380456 49.255167527995326 -43.11730495259169
34.42141924014639 48.97446868418569 -43.092391734772825
34.446924935371925 48.780949295594226 -43.07330229785559
34.44038948351754 48.39948540897224 -42.987847973389336
34.437935941218264 48.153619886232114 -42.91189072242897
34.4486905214851 47.85548386842574 -42.87606438064181
34.45054429244467 47.57939890633535 -42.808758586138296
34.458520511175166 47.2732160054075 -42.79191434422476
34.46657446894498 46.97786694065344 -42.7185875183142
34.428027279082706 46.69928399693831 -42.61895594675009
34.42109278094084 46.40393512440746 -42.56971956705595
34.42659092424488 46.074238906829265 -42.47572986395975
34.454435722565854 45.79843721809451 -42.46749980605862
34.43695900228234 45.51269968462148 -42.39035363426197
34.418383869484764 45.22494738230162 -42.31157324141776
34.39875786151592 44.93515400256891 -42.23128467415454
34.43558421412073 44.62961233173585 -42.187701063983695
34.42323799066392 44.330589398125234 -42.121383689226455
34.40969655063379 44.02947281591323 -42.05353202457058
34.39497311878128 43.72629307919642 -41.98413307393163
34.379026788538674 43.42106824548808 -41.91317157827794
34.33893029555939 43.070514573176666 -41.80066100469515
34.33132610961867 42.79850470383902 -41.72682922167853
34.330682054068824 42.48073432046354 -41.65237959049061
34.328790281900524 42.16101814612425 -41.576319103804984
34.32561472484255 41.83937211777348 -41.498630840582955
34.321141110563744 41.51579025536351 -41.41930634064765
34.2032043956422 41.22649278412658 -41.252827311569355
34.17116943782669 40.89146234264481 -41.17049032844538
34.13794498993171 40.55448421131157 -41.0864490258522
34.156775868150326 40.21230436571734 -40.99183835396327
34.16104513892895 39.96867300890364 -40.95790418183001
34.09216105658107 39.57330823292603 -40.83434345977871
34.11112945950764 39.29573798932095 -40.77817547036289
34.093020132864645 38.95748613046256 -40.669380040870664
34.083240919999724 38.6881079805219 -40.62264763206924
34.041868561800776 38.360798560996436 -40.50119331904386
33.93151188448118 37.92348673098613 -40.3117915562491
33.968151050766124 37.58926555307332 -40.2393450005859
33.91943797516343 37.23790326188883 -40.13866073989933
33.86919333765298 36.8845935017271 -40.03612033278606
33.87466848339867 36.64240761146066 -39.9904716546363
33.79200956705306 36.19276359515084 -39.810927143756224
33.76780937355021 35.929684241517 -39.69970848698797
33.734114275574164 35.587528181062225 -39.597266116427825
33.69885862421518 35.243305526391275 -39.492816034585566
33.55833507928831 34.887050124300636 -39.30973128221406
33.52181397443923 34.52593600935193 -39.19304907349373
33.48385255716168 34.162737654706596 -39.0745532447677
33.444382485686035 33.797478529157964 -38.95420253553209
33.39012871442994 33.51105743461503 -38.86478677133752
33.34520510164144 33.14545926437805 -38.73764302573642
33.29873718138611 32.77823355933077 -38.608184358823024
33.25050313922466 32.4091790750385 -38.47661326548754
33.20050877189457 32.03817293653776 -38.34290681925275
33.14877388651353 31.665208047316497 -38.20706293487277
33.095330142686706 31.290300590051046 -38.069162152238235
32.970595545173964 30.93625487662421 -37.86679008432322
32.978159445494526 30.590703511936017 -37.80350888656234
32.899169631899454 30.227519127481827 -37.67336957440193
32.71459323097491 29.81662143171315 -37.41498623346292
32.69852512968599 29.489195080651267 -37.300789619953676
32.611566882117366 29.10215949734925 -37.153818748173535
32.55638463336389 28.712326954332784 -37.03289174710566
32.48928986300437 28.3382474917317 -36.87530965169816
32.420346314412505 27.96219703420021 -36.715419572751344
32.34951672314673 27.58416206816863 -36.55320761368533
32.230116063786504 27.18194930390896 -36.37394754397267
32.22546251127598 26.895936387110552 -36.29594654347825
32.12978884734899 26.524097764986227 -36.106593562878714
31.97016543766884 26.094584522603018 -35.877449413014695
31.87290245007754 25.70206767218973 -35.69357762359581
31.80956840718483 25.33789303910768 -35.53879591703266
31.694573725470992 24.945409547751026 -35.363131893688454
31.577520836254227 24.550918251485772 -35.18486023438712
31.544528391519748 24.132620997255902 -35.006231276014724
31.42986476444448 23.74264187776952 -34.828942295286986
31.313046089214737 23.350622048361423 -34.64894581429718
31.194058393599487 22.956553246003512 -34.46620035797473
31.14142198228995 22.683632779593005 -34.32538833419754
31.036770454020594 22.21542908621933 -34.098706292744076
30.92724569980388 21.80672375231012 -33.92233873521491
30.81543013069228 21.39592814442919 -33.74302714829873
30.70400560132929 20.965358221261457 -33.52063522856511
30.56367210413891 20.59408945231892 -33.28755492050136
30.426864097542122 20.18241171858757 -33.083381565055475
30.31901417170381 19.733638622720814 -32.87775707060069
30.19630011098621 19.338362840504356 -32.6801519900358
30.109086579326533 18.951486597879317 -32.48841864529023
29.995981526688873 18.528437592927503 -32.28597704366134
29.88043309049713 18.103029236762172 -32.0804761342075
29.71484828863322 17.672177282959602 -31.845254218600243
29.589732386624675 17.262027369795085 -31.607414024157013
29.45460113608924 16.85776670437422 -31.391012044199126
29.316861019664586 16.451518217052264 -31.171617892885717
29.17655295112747 16.043222981722323 -30.949194777245147
29.033689902011982 15.632849425810637 -30.72374662036123
28.888095753490884 15.22032035476105 -30.495218276524188
28.76873041062451 14.77367671817816 -30.24618172575998
28.465384415255386 14.217739745988432 -29.866981716891736
28.288907851511098 13.805302416668338 -29.59999622397384
28.15033908749467 13.3622757185258 -29.351638461805855
28.010753571984008 13.078366692761033 -29.171765444946928
27.848662526012998 12.620088878026062 -28.89748742318603
27.683432686155076 12.159869573137295 -28.619615654461533
27.557997812746425 11.739256171030146 -28.404093626148125
27.384124675585763 11.295682211668003 -28.115080641103386
27.2068954216152 10.85021992477418 -27.822292492827174
26.940251989746148 10.454546049284707 -27.516078671682916
26.767573668209412 10.00790455613306 -27.228444062226725
26.555084864328304 9.550368039992893 -26.94012743122171
26.378559699412477 9.020174796055752 -26.67871036772373
26.199537003743064 8.564565246010288 -26.38882676113611
26.016768913340556 8.107169429260482 -26.0947281812173
25.830168046474682 7.647982017177346 -25.79629457596171
25.590132739734486 7.169938030504564 -25.446938504718318
25.408964240126792 6.809888698412128 -25.22348123799107
25.15267472584527 6.437732711827395 -24.878521216723552
24.948084808872675 5.990018765408086 -24.539532179978682
24.721693545183538 5.440355325701578 -24.17772744641033
24.51182759477967 5.041847152363203 -23.912444832246297
24.24110135729782 4.538036303907281 -23.526662047175062
23.994092383884148 4.084692860372576 -23.193987434660613
23.771409340503197 3.598506251743989 -22.838395968022215
23.486313228734964 3.173723133851944 -22.51384579770753
23.291376621453942 2.809702958567036 -22.1855001878535
23.031575563366463 2.318716049635797 -21.845019738432743
22.825087304075034 1.888919042554573 -21.516092649628888
22.56712037403125 1.440471282718936 -21.134553968506474
22.32028645701577 0.999212371027643 -20.809002261879886
22.04556170409272 0.541711988839443 -20.41549943307011
21.76536426804091 0.083619346324208 -20.01624945506805
21.42843748525982 -0.417851100601828 -19.630631018182857
21.14478100919335 -0.872388196045103 -19.23298158104259
20.855258506967488 -1.327177602298991 -18.829142589766423
20.559717074888056 -1.782065737142863 -18.41897641566137
20.258003750267246 -2.23688661694425 -18.002334162420002
19.949935910582944 -2.691467299981784 -17.579049014379137
19.57773628516546 -3.138514560724101 -17.11645770047208
19.22619749756683 -3.597076928357107 -16.680419170769515
18.86779119957176 -4.054905869944654 -16.237351552493248
18.517098643340653 -4.511996158022353 -15.768464194238446
18.16877047029584 -4.949915194956681 -15.289933813849336
17.821247672765946 -5.502949498429793 -14.833853585203398
17.448236715787825 -5.93585429889345 -14.365307389590205
17.067431217742634 -6.366639125037486 -13.888914379255631
16.657809284295137 -6.79098548230527 -13.376178168974198
16.349612846574495 -7.156821670210642 -12.96428437853555
15.962490378449676 -7.599492881201954 -12.47325956054951
15.462397885662037 -8.061972800281103 -11.901507933373306
15.039499596282853 -8.476929925232875 -11.383642998738445
14.60876363051414 -8.86522032510223 -10.841148375313418
14.191696716448956 -9.292498013429261 -10.292977190104084
13.770129150324358 -9.708207504331906 -9.757333641474933
13.305896770088765 -10.109338555871474 -9.218984988798056
12.796050067651475 -10.47901012087997 -8.62652657638564
12.407617867877137 -10.829869148680821 -8.131885147321869
11.932173246307244 -11.193216553086108 -7.532158404596765
11.366541599196042 -11.653028015688639 -6.897600861225689
10.899831331099692 -12.025647952859805 -6.309193761744929
10.351884945421993 -12.36104900282106 -5.677809106611471
9.82910205656575 -12.697936221063195 -5.054240415587068
9.296038213693743 -13.022102608403275 -4.421721761888322
8.752740297895697 -13.332554070771657 -3.780469744749588
8.231326165316773 -13.605384446464003 -3.217574876308297
7.675074912578083 -13.864208618769318 -2.563045253882519
7.109110332253545 -14.106324356489848 -1.90069744911526
6.533753501648981 -14.330672404499959 -1.23100177638138
5.824500687123069 -14.665071281185286 -0.462009302643743
5.218765781391307 -14.853715755561598 0.202801394560248
4.715586270718286 -14.976449280997066 0.796790775459539
4.081923647283864 -15.139142255207664 1.456632475981518
3.408307693316817 -15.319038307552987 2.166647237940526
2.821363262761661 -15.412593331746871 2.765370008225833
2.20648657823405 -15.50474755938483 3.41333759014328
1.576379562635715 -15.57960046984723 4.045219328771589
0.884657223704355 -15.667033656656129 4.721182919427958
0.255677893373478 -15.701485435231104 5.338539941590818
-0.373527762297123 -15.7196039492213 5.946992122317625
-1.012962352604418 -15.773231480694452 6.565795890087468
-1.567700635680946 -15.763806879799125 7.112682333338756
-2.268215077780747 -15.76476840657007 7.710242598372911
-2.874690421110698 -15.722086420244112 8.291253020240035
-3.458980283370661 -15.695112651450717 8.798850705868203
-4.169825086519437 -15.590617986999069 9.42585122687665
-4.740388000301022 -15.657403709389603 9.947959429135077
-5.331730852438735 -15.556894574787348 10.498495082581796
-5.953854849788036 -15.415080478255968 11.01650713765747
-6.566328603185933 -15.318031371596911 11.521839103441282
-7.174743984012704 -15.211394349303625 12.018623504692089
-7.688334861657845 -15.122716026266541 12.473793571996897
-8.268432195595786 -14.984556374630376 12.938323477858114
-9.001328657348093 -14.883287949408217 13.533688117571867
-9.476229951035286 -14.758594941170749 13.951159866408844
-10.058570840473726 -14.59734228008958 14.40264916166169
-10.633228820121996 -14.394141988549137 14.860621443230862
-11.309274724430312 -14.27254094113062 15.393166919195242
-11.857184220532826 -14.085543304400268 15.823136928946418
-12.400223511749564 -13.892951258924025 16.245611576235138
-12.861921632380168 -13.801875262743108 16.61403826970609
-13.40177485291594 -13.618326194870688 17.011999924470512
-14.080159315900433 -13.336433733273712 17.511776306509503
-14.527796473165658 -13.27787911874755 17.86677955634928
-15.052042924432088 -13.07963625445267 18.27600565217208
-15.571486807836445 -12.877496193790888 18.678914495495984
-16.137761805894392 -12.50684523539706 19.045537509170163
-16.731960712164124 -12.400395430899582 19.490512841074988
-17.21444830371257 -12.175655871559547 19.864476941359868
-17.649695990227727 -11.98930142460145 20.145185166008233
-18.209542478790677 -11.792450563266629 20.57062263403484
-18.70965236001316 -11.576313112169778 20.900561625058867
-19.1995188786064 -11.296789750982587 21.24699908556796
-19.697765985281052 -11.05993100183634 21.574647393543867
-20.191478337464023 -10.82064725818644 21.897077726538903
-20.69811056751822 -10.549737031099806 22.27466501611693
-21.09245184672199 -10.338290824422181 22.52947594830296
-21.680290497317397 -10.074356896774836 22.931283638618112
-22.164804951694997 -9.8338001139181 23.252202912935367
-22.64499469442921 -9.591476568032668 23.56831910493166
-23.073637185290696 -9.56215081972985 23.922531926797205
-23.552264157238557 -9.324310601112394 24.221164227421845
-24.109539115874526 -9.013160549087102 24.595605359222745
-24.43667296219335 -8.741729116868708 24.736325198081758
-24.882685832741785 -8.48498870499966 25.03147804764403
-25.32471684608162 -8.226897238824522 25.322363105769597
-25.762815908799777 -7.967535073095845 25.609055145545067
-26.197034533110557 -7.706978184592998 25.89163125090972
