-14.918873998012058 5.552234264732938 15.407011471952659
-14.42162995220423 6.089409395121806 15.048281438005324
-13.922324746615361 6.600513380263341 14.686955405581099
-13.402498306829523 7.119358972850185 14.32011772595499
-12.888836894756569 7.64129958059077 13.938675138001885
-12.367891966806841 8.145752212054227 13.552727149698434
-11.82496534501497 8.638564318138153 13.16051680310013
-11.289636844366665 9.134315238790247 12.750513375789847
-10.733268715983264 9.635079544049999 12.334365489692505
-10.177831714729354 10.105014996921916 11.894406314726165
-9.609877426789522 10.587125313450711 11.45238629906342
-9.04400323620722 11.049335640958418 10.995304972768475
-8.453156472395882 11.495837996417222 10.529547236342841
-7.855558970538349 11.940958589124783 10.042192919934168
-7.263155800370122 12.393613299450468 9.558897355311242
-6.657496315565238 12.802275799133715 9.039599530178021
-6.057879764017975 13.208101699489648 8.53101569204694
-5.429867357791943 13.61060428072087 8.019376662132949
-4.804222503034816 14.002431482240887 7.468842892463851
-4.175313598269997 14.35154553960829 6.904927425439314
-3.546237516578886 14.704106013745632 6.350048841423592
-2.915251398587626 15.040147343094308 5.780241260689415
-2.258788217869194 15.349190836246654 5.181893297514332
-1.61947150409336 15.643469090677542 4.586113129701986
-0.973988896372263 15.939796104103353 3.988512710681541
-0.337480063473581 16.186721457274913 3.374864769770278
0.315852290727662 16.427714902918588 2.75048946669064
0.964241955377011 16.64867343046109 2.121288481653372
1.607145470426941 16.839621448439914 1.479331135716282
2.257970463545361 17.022642353987393 0.834656128705807
2.886032774332993 17.177280371530614 0.19185369055819
3.534521217633796 17.305924794591583 -0.465489907688516
4.160984296058863 17.427613592407724 -1.107017242289708
4.782746726970806 17.53025648216411 -1.743396830042997
5.415562702506022 17.612747511949816 -2.38510722398006
6.036819820365269 17.68444318114352 -2.997460688929365
6.643656867191744 17.72630994405545 -3.625736095263842
7.259056903025106 17.751339464885447 -4.25139732071663
7.855478779057897 17.76292659633382 -4.871356881967913
8.45703301182866 17.76933802772642 -5.471088022359497
9.0465365126421 17.76289145750833 -6.075665299910654
9.63335728764339 17.74163655688415 -6.663749161971157
10.21121028258557 17.70342360455485 -7.264239599370961
10.78047500010899 17.655862923075436 -7.838910798140236
11.341930302881561 17.61660795056166 -8.4145725818276
11.897734914169039 17.55460850439756 -8.970343326619583
12.461114014288386 17.463145218722673 -9.548441207156754
12.99502024158634 17.388599084570313 -10.094677173943973
13.53927847661309 17.28979721332833 -10.652562074116286
14.07314007099231 17.2023989119297 -11.194658316866454
14.60057653120854 17.091024691549165 -11.721113514629078
15.118334768919592 16.982903080009066 -12.259776844136459
15.637242687953572 16.87707498257108 -12.77656655833894
16.143082693438423 16.75868918999955 -13.298169756565363
16.652364411648776 16.612327049185716 -13.807650894980348
17.14666272686371 16.490865542447366 -14.312656468659439
17.64274740050539 16.328658701350825 -14.827053889174643
18.131913296378684 16.184591201789086 -15.318733353137144
18.60588471632494 16.04304718393579 -15.80527148780613
19.088369038131116 15.882231449105584 -16.301275025211936
19.562042170991184 15.717282214708048 -16.776217750562605
20.023114948781586 15.555926741162475 -17.241338311801407
20.47896569377422 15.38555695083368 -17.714365620062033
20.939739287697357 15.213311191845541 -18.190082768002416
21.392462592601163 15.035901944781337 -18.64133275164404
21.83626555651587 14.845239734826603 -19.10027127785646
22.28275097360823 14.67770304478668 -19.550884187490652
22.71493921117283 14.485619932176775 -19.98808480146816
23.138373243342993 14.308802167279934 -20.42809816180355
23.567509248023875 14.109549942906742 -20.86380284164192
23.992125201046125 13.907521912396419 -21.29497895616257
24.41221390156588 13.702891557441431 -21.72168100441518
24.827636618660055 13.499701462225186 -22.15690859456539
25.225962489312902 13.296548884943459 -22.574027752932317
25.639375886382677 13.099590163881444 -22.984393780028565
26.036639218521206 12.895892115954103 -23.400110747018825
26.42942575955798 12.683379093421557 -23.785990326892257
26.825388224694567 12.473682421555084 -24.19731780137044
27.220503437755138 12.26630146987062 -24.596844747151387
27.602876365350742 12.039909688683297 -24.984435839446736
27.975831950663075 11.8215172110701 -25.37467962265005
28.353772565545025 11.615581017878371 -25.759760340828734
28.729474275111407 11.394997389628493 -26.14449798887809
29.093179172569446 11.16065879513436 -26.535351704285866
29.458600565928407 10.950949061953278 -26.894676788583467
29.824112290629007 10.711951399955698 -27.274559531262927
30.183397672896714 10.500420781280248 -27.63974168468227
30.52266336394483 10.275790302507328 -27.9999174344097
30.87437007719194 10.028727928746322 -28.368082788229405
31.221699521527164 9.80643907009589 -28.728855026648198
31.56912777292267 9.593816395978667 -29.07086034440719
31.910455520272198 9.34204150422312 -29.413469029115724
32.23732027057292 9.118907331003518 -29.7656182751705
32.577431804440906 8.879891945627785 -30.119686726995212
32.90637466298766 8.64378158469302 -30.453322202488177
33.235759930513616 8.404183923384457 -30.78183632572675
33.55165247299727 8.189437432039204 -31.112017715032575
33.88323145809901 7.943456384002567 -31.455567557715483
34.19882464607509 7.696756222474128 -31.76659257572193
34.50729107978327 7.472594459866536 -32.10444694458749
34.81154437171693 7.233211707623563 -32.41760597354494
35.12977222450943 7.001158896803437 -32.73633572612415
35.4299524222117 6.750757136456156 -33.06022789764623
35.74076496848332 6.524339128498956 -33.365907566497576
36.033206314529096 6.286400566910665 -33.669271123424465
36.332356666306765 6.018421235185358 -33.97855957102664
36.62174694564284 5.79229831308301 -34.28932341972822
36.91199429993395 5.532209713887732 -34.582559801138956
37.203380018553524 5.312767517377278 -34.8774857614745
37.48015050322567 5.046159763278383 -35.18559159017005
37.763353561231014 4.834206124984927 -35.47482826810552
38.04395549851242 4.576075984775558 -35.75662221894279
38.324545253845436 4.334879629644681 -36.037650988810185
38.59050044212857 4.096065235378347 -36.3402767416991
38.86809355872951 3.846339305911719 -36.60566816573202
39.13033455964628 3.609482491179167 -36.890242526336834
39.38592176336995 3.349441407511589 -37.170984141355426
39.67072656074238 3.093571699222352 -37.4323048472544
39.91184046031004 2.85344461880818 -37.71375814160221
40.1742205012346 2.62304489081641 -37.97476685601368
40.43176877844418 2.372934166765419 -38.233496582361894
40.686678080081435 2.132226578143822 -38.50428090465491
40.93362667369053 1.878742612929084 -38.76197421776484
41.178076831933126 1.625028840486745 -39.01730329719421
41.432739589226095 1.393648140695976 -39.276181335310525
41.67453792533895 1.136693720804784 -39.52970691122674
41.910620030842566 0.888127814732077 -39.77860271336379
42.14796382003122 0.637732172583176 -40.02273892077199
42.39102336525288 0.385764737670622 -40.27319708841602
42.622000361161554 0.14134932988558 -40.51674257594835
42.85073345111265 -0.107728946274861 -40.74970851741935
43.08487933569039 -0.353961388116084 -40.99520488613775
43.31437652520369 -0.595211080969177 -41.23254262837034
43.53223325679309 -0.829380975018371 -41.468816285352226
43.75398082893586 -1.102433744069536 -41.69950889508869
43.972363087034225 -1.348643154397121 -41.91819444949465
44.20073966612932 -1.578716586123949 -42.151624350121516
44.407454007072914 -1.820816400021701 -42.38659179009928
44.62705716726294 -2.077011844009038 -42.607625968131366
44.84154882402257 -2.318641541712489 -42.8295818516241
45.046356083653414 -2.566528215762768 -43.050001662198646
45.25330977638822 -2.818947220631923 -43.264019484562255
45.45111330939769 -3.05841199710511 -43.47054353247272
45.65334869442725 -3.316344509505124 -43.69126695309687
45.85548151426792 -3.551408407746599 -43.908703247503816
46.046140435202666 -3.796327731693835 -44.106975034617754
46.25926135283181 -4.03335425993515 -44.31039321134684
46.44367904164537 -4.292186422191955 -44.52453926724744
46.6307316812982 -4.525350489853348 -44.71277091271294
46.8317077382269 -4.776776533186905 -44.92170169194647
47.02423200148501 -5.012759422046332 -45.133343094002406
47.19462225489835 -5.273032618063348 -45.322616399000836
47.38213798447365 -5.504314762139191 -45.50675502514666
47.56441120588 -5.757200684001472 -45.70073696661679
47.738787760484826 -5.998360598690797 -45.895017432190954
47.9176501171459 -6.239197243465116 -46.08523303265737
48.095055843170165 -6.47808464582758 -46.268326491777636
48.27039950834036 -6.716623894246692 -46.44945511051096
48.44381228017852 -6.954875157578019 -46.62852034694946
48.61073022923425 -7.211559840164056 -46.81013763065827
48.78961521505753 -7.451648891340882 -46.985917826619115
48.95162078348846 -7.68448107682383 -47.17327129321354
49.12756789181339 -7.928578782675643 -47.3426169966614
49.28947074204839 -8.17145992890326 -47.527419529318934
49.43512956169377 -8.416407012626145 -47.68523334007492
49.61052239321243 -8.652414802220347 -47.862473195204345
49.75444594794562 -8.886643667336735 -48.02990856049424
49.9085164906124 -9.12820305825626 -48.19152557223753
50.0622091398323 -9.36502746846298 -48.341268406784906
50.23563495890765 -9.617948145163865 -48.516151499050636
50.37380153304305 -9.86218880894764 -48.67331187743557
50.5212591194637 -10.090480707192336 -48.84064016439585
50.664251742442225 -10.330866375413471 -49.00154792594259
50.822061283385075 -10.556976360064908 -49.154811572823924
50.94488559027231 -10.812270557106455 -49.29350601021866
51.101604217841775 -11.036841798864561 -49.45800576268864
51.2399023534276 -11.266842272963482 -49.59669151073296
51.3777936021916 -11.51493984271121 -49.75122047536115
51.50165112750017 -11.747504813654286 -49.883887635294194
51.6407654863455 -11.974401702540161 -50.040736436317154
51.78047621621816 -12.214681116776344 -50.183748247492254
51.909344978866976 -12.447735573856335 -50.3140594475802
52.0437535618858 -12.681511158534601 -50.467083263183355
52.16653171168703 -12.924773447848393 -50.60005940555324
52.28424026779186 -13.152060752348833 -50.72196821293835
52.41291575728581 -13.382667984871148 -50.872755602740625
52.54123713336415 -13.608027690682542 -51.00154757546669
52.65329792809979 -13.850270439426616 -51.119091235467636
52.77926019717286 -14.072446991272939 -51.259660895181554
52.88897559914966 -14.305738889271357 -51.383670406806466
53.01042358480334 -14.539141466124343 -51.50429835489732
53.130224451031836 -14.772233422023644 -51.62335745384845
53.246545627432326 -15.001621502911293 -51.75786044398773
53.34279416661039 -15.23251589232989 -51.876603170029156
53.46676459420013 -15.447573856111747 -52.01229592767576
53.562765047949625 -15.68161243286635 -52.10903969747383
53.680196395375475 -15.901060188563617 -52.23078778578479
53.77336822197484 -16.13645796489853 -52.34720460282349
53.87642969592827 -16.369946217618256 -52.46636140013396
53.986952951876354 -16.60202651132004 -52.561207779798714
54.088201564365164 -16.82407672796333 -52.67983130637872
54.18233058672103 -17.048736934158846 -52.79579993456676
54.27741549297907 -17.27077257002611 -52.88927677492144
54.367167783084916 -17.502312879284105 -52.98921350325351
54.462666383646564 -17.72207735566733 -53.10109516482074
54.55668010116106 -17.94146569290472 -53.21156419522323
54.64518796844833 -18.174819110847526 -53.303178652620595
54.74296125359154 -18.389002192878188 -53.4023997088778
54.82622546406104 -18.607483315437975 -53.49464729563473
54.913281972335106 -18.832089101381975 -53.59930237203225
55.003004588339905 -19.048036279723867 -53.70037976125725
55.07629614157047 -19.269475997811803 -53.78332566988513
55.15227294129323 -19.491527254886222 -53.87109625384227
55.233303175478945 -19.711470903609147 -53.964518049150456
55.322329175844736 -19.923783035904947 -54.06521310525322
55.39736148588692 -20.151878689471115 -54.140558895021584
55.47891848753504 -20.361111941470156 -54.229483004679814
55.548340362304614 -20.579919475041635 -54.320061539923145
55.616875549048274 -20.809372279120634 -54.39351429579303
55.684694570914374 -21.034158992956122 -54.46848964052352
55.76869789272997 -21.2366770893916 -54.552637543733866
55.82079084426069 -21.438004628776472 -54.63320225633507
55.894803473761336 -21.670965549898792 -54.70075872215544
55.96316168251267 -21.873463813310856 -54.78820906227614
56.01212107180653 -22.094426609624215 -54.84448398179009
56.08186922722474 -22.307544212712145 -54.92029777723816
56.13425398946504 -22.51685826728815 -54.9942889306109
56.20906379017882 -22.712797480622196 -55.06695649442849
56.28143047877064 -22.92990208112168 -55.15077895960367
56.32416355412427 -23.148259750300216 -55.2134714279171
56.36606700599591 -23.356335026424247 -55.260268435197204
56.41698929702198 -23.581731388699126 -55.318973829648655
56.491656839255626 -23.785951706789675 -55.389960386641114
56.5319446981461 -23.997582263463208 -55.44397327637973
56.583085719710475 -24.179590108927474 -55.51151931590793
56.63028057307906 -24.40833490828905 -55.56990351416301
56.679393583752606 -24.598980340471165 -55.62395153703924
56.72981556311598 -24.809523337130454 -55.69093546724283
56.76353057309872 -25.010665085488323 -55.74553910067317
56.799209292383345 -25.23364050341476 -55.777176208706486
56.85275026723473 -25.430542942153693 -55.84130427840632
56.89439832782094 -25.625808439538744 -55.87672603951416
56.93664952796344 -25.82737998388995 -55.93081938502849
56.969224609141136 -26.027958518990726 -55.984789211979205
57.00848102626157 -26.229266230073243 -56.026253024894814
57.04410002358858 -26.436440268452234 -56.06663427201737
57.08508029314925 -26.635301561549458 -56.107834948139065
57.09730759682141 -26.836316827332162 -56.1404971828155
57.14475064378129 -27.028278718259834 -56.19346978527362
57.17078074403021 -27.232535290121586 -56.23086826497861
57.185919544385364 -27.42633140800909 -56.2650898694178
57.22968171383735 -27.626192180187687 -56.31895652052394
57.246162700201154 -27.824773636346716 -56.346767729207706
57.274438374753856 -28.016157215213102 -56.37842631104394
57.290263783314266 -28.21944617719778 -56.40664954016118
57.321893677793526 -28.406012014837795 -56.442080863366286
57.344615290616524 -28.593952940024767 -56.458183172945716
57.35588939716984 -28.794193826598313 -56.47836200367556
57.364145716506265 -28.98759930252332 -56.51140526357752
57.37850718100575 -29.174380194244456 -56.5239671354726
57.40029145228822 -29.381737518631596 -56.56173943583665
57.42140843443887 -29.551180916302886 -56.58241481339863
57.4245442642814 -29.741228744591393 -56.60155440530007
57.42651911692998 -29.930514603651673 -56.619494778700115
57.43568548926004 -30.12646895557497 -56.635661544661
57.44927992968426 -30.312523532665388 -56.66112349723639
57.46169764032608 -30.498172862883568 -56.68525149891853
57.480344042373034 -30.683178263770284 -56.69660084792176
57.46696987951951 -30.862923553232022 -56.68996531404098
57.477644338704735 -31.057757473302637 -56.73141595761517
57.46869550858884 -31.244966642416916 -56.72614981397227
57.463460034294854 -31.430068674885472 -56.72136136739621
57.465190998291824 -31.611457864903404 -56.733433580849024
57.45349068050943 -31.80248259491319 -56.740508848158754
57.474423737930536 -31.97832212130076 -56.74315795093069
57.45445929419033 -32.154194434310675 -56.75009556131709
57.46132498216871 -32.33752816427737 -56.75934027121502
57.45257736990349 -32.511169207387454 -56.760855132907494
57.43162126745591 -32.69395330623405 -56.75656010339765
57.42622895240989 -32.86767835725182 -56.74275008677089
57.406106598164335 -33.044359385407 -56.758645413214545
57.40578772117464 -33.220940164439824 -56.75550729202282
57.38456250475415 -33.398652765018895 -56.7239387200506
57.3629222557033 -33.569412052453835 -56.73723946794018
57.36237559504864 -33.74264014961146 -56.72070359711217
57.32869478078919 -33.92132105947216 -56.70559932510952
57.3183474810393 -34.09522988072146 -56.6960783470476
57.320317642339496 -34.26365470497598 -56.70767909632189
57.26412475059106 -34.43272884400924 -56.668459223063486
57.24771076799571 -34.6106299918449 -56.65121518154346
57.24360138681441 -34.784941501699436 -56.65603317241359
57.20634051630186 -34.94598005932842 -56.63313690234532
57.18591274408751 -35.11595391418732 -56.60957786383511
57.14798295758833 -35.29178711771088 -56.59493149738646
57.11530257145906 -35.44731772910472 -56.577760441490554
57.10943837421996 -35.61045818204196 -56.567192501808556
57.07126470774724 -35.78853740139753 -56.53555709169697
57.043096002265955 -35.953046912987595 -56.52356523136041
56.99967295080506 -36.11584245982236 -56.47527317845318
56.96277494481932 -36.27099877228948 -56.45389327856918
56.92699869086742 -36.4403517975222 -56.423044801414186
56.88017142023356 -36.59611545850951 -56.383802915538304
56.84610885501758 -36.75600252108904 -56.35559491567361
56.82267400672459 -36.90791473214084 -56.33686777943926
56.77174122072921 -37.07002479554852 -56.29063847268526
56.722227033628435 -37.2433011172258 -56.255376925511
56.68984735525636 -37.401397577736454 -56.23824292561173
56.65456998843008 -37.54717478329402 -56.2123629152995
56.58977808409851 -37.708200815711635 -56.15533698519868
56.5618172688957 -37.86324596128 -56.12652057730206
56.504450625400914 -38.010942963351695 -56.092855831162
56.456019203246996 -38.16947097008997 -56.05777593221163
56.40131882036835 -38.32656166705154 -55.98888664530407
56.35600623140929 -38.47511871735149 -55.945749530368026
56.31421127479155 -38.62968506596762 -55.91448905315671
56.234667627613376 -38.78207522139529 -55.84819510402654
56.17489191418786 -38.927996370241004 -55.80301898115512
56.123058798069025 -39.08108720950158 -55.74788079189102
56.08030363531538 -39.225908085547964 -55.70794683793262
56.03633130617912 -39.369932983996726 -55.66662227506576
55.95716217356802 -39.51196045459118 -55.61264177498155
55.89844826013939 -39.66353867397703 -55.55567255789596
55.83275977440161 -39.809033670731495 -55.488933612088594
55.77850477706664 -39.93790418553937 -55.45321440015642
55.707267079312096 -40.09504783767818 -55.37739309137997
55.63402512527844 -40.229696733658585 -55.31986325889821
55.56936549079656 -40.3752571562365 -55.27591576671839
55.51079686035023 -40.51908368003477 -55.20843256807836
55.43167787438343 -40.657666172447826 -55.1354846029642
55.37426005514204 -40.78660508110164 -55.0769469552583
55.298100073509175 -40.93294983063349 -55.01267449999153
55.22634549642524 -41.070027659776365 -54.95582472365604
55.14775082332665 -41.19301001133566 -54.872039545289816
55.07204620698102 -41.330572247988236 -54.80786705650766
54.99500916415634 -41.466952644965396 -54.74222603439684
54.91660544424508 -41.60235528588815 -54.67524644431993
54.82848132940841 -41.729799832677536 -54.59204508051494
54.74522759023894 -41.86498067340009 -54.5089974500478
54.66006370309316 -41.996951659945765 -54.44562070257737
54.58128088791156 -42.12716638365183 -54.368794610763345
54.50730801096796 -42.25225376728274 -54.295941989894985
54.42407680363322 -42.37882089472683 -54.20636100614506
54.34533826244607 -42.50951233544407 -54.138219314872956
54.23530367385755 -42.63185010527705 -54.03668234913913
54.15307276662283 -42.760605232176 -53.96551393964549
54.07689023596279 -42.87939460498267 -53.898940574861754
53.988084755985625 -43.00707498025458 -53.812232509658074
53.89346313818622 -43.13053895380538 -53.72011203104044
53.80075635234646 -43.24240698689384 -53.63950147567006
53.71327275745806 -43.36708610611681 -53.56543805816199
53.629170043364006 -43.48518181719032 -53.47051458281148
53.506476079792385 -43.599449825790124 -53.3595371617836
53.42673550387182 -43.724470646795986 -53.288978864832686
53.29963735604311 -43.83815159079812 -53.16691529920079
53.229159311861935 -43.95427967873087 -53.10821074998965
53.12671034103198 -44.07639090647141 -53.00176929413049
53.004833339731135 -44.19473420965031 -52.88881101655223
52.89716486246791 -44.29903172212934 -52.79125267746547
52.78825906815887 -44.4024413136233 -52.69244763135342
52.6782055534201 -44.5049395474568 -52.59237097508708
52.57623922992329 -44.626380247206896 -52.488157418490374
52.46308431085917 -44.7244285549294 -52.38261373810181
52.382773145832935 -44.83592916851014 -52.31700661628626
52.256546568780436 -44.94572895379509 -52.18073113404019
52.13916968708143 -45.0502955011467 -52.08551852683832
52.01695183211623 -45.15738276844102 -51.95877065276991
51.92490831613366 -45.2615165402386 -51.87119768111576
51.80642477154373 -45.35847013555282 -51.76214698793638
51.68810468432369 -45.46470679643612 -51.648409515311585
51.56412219141323 -45.56915523550656 -51.528824464506194
51.43322115849779 -45.664893735641385 -51.4075223686965
51.33835679207681 -45.75978773028452 -51.317292103263256
51.20065827950177 -45.856864772768716 -51.18601141212191
51.07701661184297 -45.94788194932641 -51.0637911801193
50.9550519214497 -46.043199467541704 -50.947428054664975
50.82732405707048 -46.140680981676695 -50.83796254344165
50.70177738059293 -46.23435457188246 -50.71106279335685
50.58600947886247 -46.326508588005744 -50.59841027927603
50.45272630981689 -46.423653268432425 -50.45430215098652
50.31123210998675 -46.50027303456263 -50.34217500517694
50.183668806841766 -46.59366303748602 -50.21749822878747
50.05481316173518 -46.685849471646506 -50.091366278311746
49.93896632461306 -46.76845210420646 -49.980082979712
49.79866052278126 -46.853506994143885 -49.83060720795619
49.66617548587858 -46.94490978832643 -49.71233421164231
49.5344571062505 -47.02563856435256 -49.58822035792627
49.403773459906965 -47.10537213751515 -49.45847877219833
49.25417047705361 -47.1908498342882 -49.31046805442493
49.11212482743319 -47.26826637912078 -49.186032855695174
48.96676542522765 -47.345776033730814 -49.04413731016056
48.813666720084846 -47.42830800490049 -48.89317735207549
48.67363824107627 -47.499372478540856 -48.748951851705854
48.51753538973774 -47.57099619158034 -48.608817180024474
48.38866697607663 -47.647795107034725 -48.487969469785675
48.237572096320974 -47.71650750662846 -48.331162646137564
48.09295319006424 -47.79203823491596 -48.1897134942091
47.9491391263482 -47.86771392461942 -48.05430078959382
47.79331026029454 -47.924434468699594 -47.89609231469412
47.62795275222037 -47.99838236828171 -47.751204171282424
47.47687474867797 -48.06574454321445 -47.60056715268942
47.33678195286031 -48.1296359828874 -47.4468395620758
47.16622421539354 -48.20059937309663 -47.28968382981805
47.0284235200709 -48.2548104304385 -47.16402904046877
46.87455887800817 -48.32404182755341 -46.99945599153352
46.7079456639157 -48.38925096780237 -46.84975736479648
46.5465102389172 -48.44302968809116 -46.68521043148501
46.375344410412204 -48.49440511247272 -46.53099689503729
46.224425586705514 -48.551886057312934 -46.378621923925365
46.058974590550115 -48.61018882427449 -46.216615304849455
45.88552948634324 -48.65779749388361 -46.048775687066886
45.715296597249555 -48.71345616743571 -45.87834305778567
45.56285263052942 -48.77596054565855 -45.72431925344011
45.39836556394961 -48.82297415799376 -45.56984019036064
45.2145221788014 -48.86514819984885 -45.39326583610202
45.02896404344015 -48.929587108271924 -45.20923866299532
44.88200254385066 -48.964059541727536 -45.083584080143005
44.70301657487233 -49.01018809511776 -44.90598766438093
44.506954671764824 -49.05318049967184 -44.70229726992438
44.35140177040457 -49.10250974320516 -44.554811744136956
44.162800021316365 -49.14119878972664 -44.37074357002204
43.99697649264742 -49.190085039635335 -44.202798264636165
43.828414713725344 -49.22826819837757 -44.04242673585741
43.64088477169747 -49.258522843727086 -43.84615877663032
43.44176546621934 -49.29190086559137 -43.659115630186356
43.275805740161424 -49.33237603186295 -43.497578945245216
43.08515545248294 -49.35576996203928 -43.30676138327528
42.90401758448807 -49.39755429194643 -43.124327746070236
42.715094565663776 -49.42511963916818 -42.94764673300692
42.546514185983476 -49.45879806013742 -42.77798640122093
42.35024244583749 -49.50034825540099 -42.58044820986959
42.16252684688446 -49.518504245354734 -42.40036589656509
41.9545795342107 -49.53034073055177 -42.19668810551993
41.76749671137285 -49.56287781787788 -42.00691796782296
41.574376589838074 -49.572826648395704 -41.81844495855356
41.372114762939276 -49.60241621731282 -41.63107975151029
41.195120577817676 -49.619482911632154 -41.43643682582625
40.99092368766429 -49.64748279313669 -41.23746438059039
40.7965888367853 -49.660649291529595 -41.05271317385554
40.581260999090176 -49.66917087269678 -40.831903677850214
40.366690900128084 -49.68265451726381 -40.62476713800105
40.15665405038747 -49.68401044355902 -40.413539932758944
39.95620322106842 -49.69125000201874 -40.21427190465481
39.7712534784223 -49.71101647541956 -40.0206987349671
39.57849888235251 -49.7238831486304 -39.83935108589593
39.36200458694629 -49.741810092565515 -39.62293712861457
39.16628798215436 -49.74064088204051 -39.42569130816784
38.956183216349196 -49.74289018525882 -39.21939907965836
38.71536440000529 -49.72829809972649 -38.99195297813938
38.53172403445099 -49.74183682745986 -38.802264787276
38.31724567223345 -49.73862763562759 -38.59138537494658
38.080529515340295 -49.734437646660545 -38.3565735200385
37.86167717954114 -49.718501492174816 -38.130237569850394
37.65888889714102 -49.716781511047266 -37.938655877178256
37.440686399747634 -49.70291157144309 -37.71743467559814
37.219876310001844 -49.69379665794954 -37.49927766499543
37.00299935168062 -49.684994109252095 -37.28680536338902
36.7664051231788 -49.66352237532418 -37.04398393763801
36.54919947818647 -49.655405069112774 -36.83467934725568
36.30495902745987 -49.63503006410614 -36.58868413729032
36.10024563838297 -49.6149649434339 -36.379552777663704
35.86517985419849 -49.58799329552823 -36.1516433023077
35.63867717199917 -49.56925681260272 -35.926704536090625
35.400532033173 -49.537870127309404 -35.67861445072681
35.170072724509296 -49.519832070377014 -35.450845030166136
34.93706068070681 -49.480936808393935 -35.225931378647736
34.698039700329296 -49.45830229495432 -34.986508848306066
34.47625758142786 -49.436668538726664 -34.766430046215426
34.23053399496473 -49.38340062017615 -34.51769236961018
33.997140390419865 -49.35379192344072 -34.27724906028881
33.75028152508857 -49.31762708675286 -34.04411188434014
33.53774972569238 -49.29842119333569 -33.82582450850714
33.25447553166286 -49.22521426751632 -33.54045451330543
33.03156414575004 -49.19527967209936 -33.316672100496056
32.76959645636026 -49.14004211205781 -33.06074843746487
32.553390188005466 -49.10841779932918 -32.840316038138525
32.29958431612431 -49.07231356337042 -32.58760937798284
32.05313509264262 -49.01537351892884 -32.341164177101525
31.803304242170892 -48.96458362924404 -32.080096277487854
31.524291840455653 -48.89473049657224 -31.805137428698192
31.28291272260014 -48.83257433042814 -31.55725522519209
31.035616218785428 -48.79238284280521 -31.31005837961427
30.75471150034942 -48.708301566806675 -31.035688306545634
30.518180250136158 -48.66382839490946 -30.794163565711195
30.260545835482652 -48.578068609345834 -30.533979544657218
30.020211851870535 -48.53579440179997 -30.29873662743558
29.72613322114554 -48.441472815857814 -29.993812992504868
29.474516601300884 -48.379894396576965 -29.743933264189028
29.209461620020434 -48.305816094969714 -29.4861773260322
28.96371179750219 -48.2439361198573 -29.220987837400767
28.68786090907153 -48.150775436307484 -28.947766042829898
28.427979470596853 -48.06363600682818 -28.689074603373676
28.171614247260806 -47.99692818910766 -28.427008133630046
27.892241526487577 -47.908034719813436 -28.15214974380767
27.618914527735786 -47.82390650274361 -27.876277507548
27.325869389903318 -47.70826452171976 -27.584928554285945
27.064215243989167 -47.61939788016444 -27.309005270125212
26.782977597580118 -47.52656021244745 -27.025766948210663
26.511747666584284 -47.433461174057676 -26.75499231222728
26.220438937560655 -47.317963811337954 -26.458037018107945
25.940312095847673 -47.215213309228055 -26.181875580605805
25.679539644261173 -47.12806161012746 -25.911278241091864
25.39596083916606 -47.02474801133389 -25.62277611095554
25.11036504124531 -46.91136496117609 -25.341884694815544
24.811030311893113 -46.77349222954291 -25.036025473942992
24.552586368862094 -46.70004790743161 -24.764499319800777
24.243600594251767 -46.563426964961614 -24.458912882784098
23.974598295170793 -46.45037562877702 -24.185625543739423
23.67515325914922 -46.324451188425904 -23.878327419862618
23.370224096229677 -46.193822552370875 -23.57821041804344
23.09156421308883 -46.07123689469177 -23.29392516025275
22.78377339728294 -45.92147867373229 -22.96673734985007
22.493837017789236 -45.78349822866172 -22.6755607346389
22.187762110378376 -45.64493426076155 -22.37735071920529
21.885220916266345 -45.507175357338404 -22.058389121605437
21.59986230942722 -45.383820557819 -21.770350073650565
21.293904451063717 -45.241956507009554 -21.469663504690164
20.99015439811177 -45.08275549267093 -21.152806281277368
20.664401962057557 -44.90033547050334 -20.824676766152592
20.370284219864196 -44.76854018458918 -20.51597256566258
20.075435108130588 -44.61410109790789 -20.224666871222503
19.754518985831318 -44.433035037364824 -19.892013522601477
19.426739223557057 -44.26985103083567 -19.560314350499134
19.141518811036793 -44.11811066184029 -19.26999144982855
18.806157969257637 -43.92663606564249 -18.92336398446896
18.509103423667767 -43.77445320150421 -18.626081846884993
18.183752282379896 -43.57091379845525 -18.291329990553237
17.86705202488985 -43.394351586458605 -17.964595127931528
17.539389517118252 -43.19782453334454 -17.627645775674285
17.212942473483558 -42.99836223067434 -17.290858282361327
16.88896131651988 -42.79771914296916 -16.958906244976315
16.56847788806109 -42.60154052191477 -16.634007474810733
16.25545999367891 -42.43889665140103 -16.31057497365616
15.924528921144276 -42.22035516185785 -15.97514133482511
15.591787103493937 -41.99777173179323 -15.637775001196351
15.283832284285745 -41.8140879525832 -15.312858113898972
14.933461128807439 -41.56761173091077 -14.949784465846294
14.617107228645294 -41.36688843346636 -14.62308958763189
14.274900866608625 -41.13160569870296 -14.273828995561647
13.92017550160925 -40.8887692723824 -13.914174210363425
13.60450602471465 -40.681865619075516 -13.591096377484257
13.262736875352553 -40.4370057747 -13.230938460652077
12.913518695411028 -40.18728704784626 -12.867114884025986
12.56808512626887 -39.93465776208666 -12.514209815264673
12.220671752051565 -39.67764311345083 -12.159733271572302
11.875104085540494 -39.40822080356854 -11.799601495650183
11.538617270454196 -39.14983542948345 -11.44899362971565
11.188485700201328 -38.886025900003716 -11.086452363508197
10.836603036457669 -38.61715022350425 -10.721947171078925
10.483061664055342 -38.34301017717468 -10.355416995934462
10.127839616645396 -38.06346773671499 -9.98688995724979
9.776477903505791 -37.765658324932645 -9.62146333735295
9.426489393961292 -37.48066765039256 -9.254845544147775
9.080273810518651 -37.20294210819051 -8.894222472679594
8.727880662955837 -36.8925736038328 -8.522839134507851
8.35744593702952 -36.56875174452838 -8.1429187433699
8.005731677695248 -36.270863265912034 -7.771685991002744
7.638640980059733 -35.92087938156679 -7.389435290502507
7.264112865313057 -35.599249609194096 -7.001154380455472
6.917270502622982 -35.29666591647165 -6.63912251092153
6.535386986399065 -34.929117107853386 -6.23114359485326
6.171428219486215 -34.5845804030316 -5.849089425774594
5.802632289176474 -34.23091918988658 -5.461795309011851
5.44062871426197 -33.85835972394075 -5.088159618145739
5.058727530327378 -33.49115048959422 -4.683242483247059
4.704518600658663 -33.121451140639735 -4.303357552372318
4.313601281117294 -32.72715809406769 -3.89053554226331
3.934802974726285 -32.31932223689162 -3.493047609822683
3.599740940112636 -31.9575181804319 -3.144728815130588
3.206906875861822 -31.53495115241182 -2.720191672980626
2.83532587012267 -31.12297090733991 -2.324121079383002
2.452907250702096 -30.70867806229572 -1.927694629059195
2.082339840642653 -30.28613422871314 -1.523447008313451
1.700928308128447 -29.828046185629784 -1.117349046983427
1.31050779218204 -29.358941026033747 -0.709416222903786
0.935439317658653 -28.894057789778177 -0.308987407490335
0.5629801453165 -28.44035965006411 0.092204510142085
0.162465493464394 -27.92309983333756 0.520596704373636
-0.219196422452328 -27.442103002455255 0.930334901647111
-0.587225368455399 -26.954966231834025 1.31910166838656
-0.9714180430907 -26.43977139065039 1.731628736089504
-1.349581666274627 -25.90011563788203 2.130063320157586
-1.728365317761546 -25.37310435215335 2.522086065183155
-2.109168816168491 -24.829723949255644 2.919526625651444
-2.482911099019784 -24.272726621391982 3.311817052054378
-2.841473275500172 -23.713041495849875 3.687269634784033
-3.216684478216018 -23.137487063735158 4.064745673273168
-3.606809582433776 -22.51694062106877 4.46993131039451
-3.961543696391202 -21.95431155679598 4.829794507831353
-4.331306077601066 -21.32125971770303 5.205625968026263
-4.690916763044562 -20.69585301936737 5.567521527988243
-5.054121745243097 -20.053865316429558 5.92903678945283
-5.405388340569428 -19.416816180230498 6.276283881213383
-5.76011111053553 -18.724717660816726 6.626877791552846
-6.112417269606105 -18.0457617809803 6.969064566583052
-6.45150438619191 -17.35263194933626 7.292114437544628
-6.784964313559579 -16.686435326585272 7.61651433051669
-7.124399780204978 -15.958317380279441 7.937376919313656
-7.450352268171899 -15.237378802049724 8.247461404124232
-7.764045037533374 -14.511892245522327 8.54079535964219
-8.079271992192092 -13.75343701363748 8.827684393310696
-8.401605242495046 -12.981109585147044 9.110487096644565
-8.704387403844807 -12.187006668199873 9.386651330737251
-8.992699787741387 -11.423865378163546 9.637614180438497
-9.286129898779068 -10.621345242140233 9.894242683975882
-9.569261154968938 -9.816042756633584 10.13026549289335
-9.824857497140457 -9.018733427945916 10.337797421837719
-10.087277893900353 -8.16369893346753 10.54820348506814
-10.333223430317066 -7.337485628514028 10.741149675726613
-10.58554532493774 -6.510134886977521 10.944944005296001
-10.791062800241004 -5.697689878780419 11.088391116144587
-11.004801623971089 -4.817832474951684 11.235551536883914
-11.219498106009251 -3.940917721159061 11.38186765297441
-11.423940099440339 -3.101146729646902 11.519240785822431
-11.598062243165595 -2.227869941512773 11.618254989531282
-11.760930490581817 -1.351710822157379 11.702977563036056
-11.941485331778955 -0.476486993040322 11.812761397182918
-12.076999412917415 0.37622310120703 11.867010590619765
-12.209245564086293 1.239072127728155 11.920911637328931
-12.355445240763245 2.154918703041306 11.969214745230225
-12.482807425976834 3.022975965477733 12.01058214161309
-12.582182870611309 3.891446456244447 12.019324770474705
-12.670680895617577 4.757191063409323 12.01538402441413
-12.748526344496682 5.619632246808415 11.998957748278626
-12.814470408578346 6.443043424020394 11.970825301449924
-12.881985470304503 7.298740518854711 11.949951094625224
-12.934021962476962 8.1219639453659 11.89435392377691
-12.977783960957307 8.97260214933667 11.845462211074553
-13.0208465127039 9.822921395078625 11.774805425267903
-13.040109065030471 10.663239361519794 11.698821364810373
-13.074314166887838 11.481114015628089 11.631881141738463
-13.078506077915517 12.306303296192155 11.521737041763458
-13.065920601388886 13.031044994780855 11.413285175701795
-13.062229083704288 13.85179829044462 11.304950403994017
-13.03677598508417 14.646745430554333 11.161815750638834
-13.038692216785737 15.453752892278285 11.070654406055798
-12.99290964618961 16.245479642483524 10.905527109001675
-12.968171113294524 16.969426285093917 10.770942749168702
-12.92617503629658 17.70514745474771 10.632036102210355
-12.888798495062057 18.480605689130616 10.479536210157557
-12.824497827393111 19.21302224151375 10.309740571967222
-12.766707095713913 19.94576765406221 10.13666473046273
-12.710722402828855 20.661583071885563 9.975710520542059
-12.638177662360766 21.389082116100884 9.78060624335958
-12.56673460072776 22.10493401536279 9.6030278512853
-12.490819348768376 22.813151460892097 9.420886423273794
-12.413386250115718 23.483911936390253 9.23903706721583
-12.333291027702424 24.182904716244018 9.05080006586436
-12.239722052978559 24.85159294281634 8.845090008958838
-12.160804404267001 25.561852428899122 8.643906276540315
-12.061559632002709 26.214074483113595 8.442567067246927
-11.958800919742915 26.859033587090835 8.237861837886754
-11.868040386695453 27.51723000734409 8.035483140849127
-11.76126646829281 28.165915808055694 7.812516591625947
-11.651428068409013 28.80754063671386 7.586678736737422
-11.536172059040707 29.396677278277117 7.370224127490895
-11.420233479020482 30.012477541380342 7.152160453663052
-11.301572929369442 30.621544425527226 6.931654923951399
-11.183041170366689 31.268063440439573 6.701998072458029
-11.063444188963668 31.87577619286753 6.469660830575124
-10.926946769516872 32.462082511722286 6.228490105984004
-10.801258473905946 33.048833439559644 5.988543764162436
-10.67737500344705 33.62464299127376 5.756456412266519
-10.565917151968124 34.21409694598013 5.543240828122147
-10.420596130294355 34.74026617816341 5.289444229356776
-10.27739267032832 35.29847263709658 5.050128372848232
-10.132485610010887 35.850554373007746 4.809280560705862
-10.017652008876547 36.37328809578101 4.594581052056137
-9.878280248599188 36.907399183898164 4.349130210274537
-9.737261193774675 37.435644482453085 4.102402324502841
-9.593560067968998 37.97372197895437 3.847630034924709
-9.41137909269204 38.527917566974644 3.562214813342262
-9.274711590220031 39.010087215251374 3.319958827071339
-9.11766995495763 39.55732272002365 3.06250233
-8.990927238872201 40.06950977624979 2.836771760332564
-8.834603224432279 40.53159907683793 2.590557374888487
-8.69635726159742 41.101478485392285 2.345984294516627
-8.534772038277744 41.57241162603351 2.078787991849514
-8.379878542663356 42.05335157951053 1.835566642340879
-8.227754341837874 42.47195991360987 1.585481477026041
-8.077338108767188 42.96397003497297 1.343982453091565
-7.910782958970635 43.44558730324986 1.073781208779399
-7.758260752311207 43.91052495351708 0.817576092608928
-7.598815032932662 44.36349899793477 0.559685319504602
-7.438299860562554 44.87034650487887 0.306932432188387
-7.28165762834442 45.32342884560424 0.048327635263629
-7.101993632142731 45.73635722173257 -0.216787915722746
-6.936438167613632 46.177588760153355 -0.483513935823253
-6.800125582569168 46.637496852726656 -0.709831636267995
-6.630815454050894 47.01758900349643 -0.963828191979959
-6.468699651803669 47.49175583552387 -1.22678665190175
-6.307574457944094 47.8433321670197 -1.472236094087516
-6.143358683484255 48.26290663442865 -1.724175131757592
-5.978561668216907 48.678099507858164 -1.975799661452911
-5.793348654973877 49.13042022409186 -2.250053017084652
-5.627848081339877 49.53649047696884 -2.506388603310302
-5.461805277338887 49.93830617778046 -2.762274910837278
-5.29526604271472 50.335905828619666 -3.017724406893134
-5.113203945867515 50.73082624798553 -3.278992141087865
-4.948513254131158 51.109602809081515 -3.518977817204859
-4.776300130355487 51.47954880630575 -3.783024442048111
-4.607218136304213 51.85994019610471 -4.027375273871193
-4.440588858722096 52.23279603704112 -4.279473855857364
-4.279942960413084 52.545700587555714 -4.504056903302402
-4.100746460594627 52.96060549273918 -4.763893917569255
-3.935797666155195 53.31301629626997 -5.016245410306472
-3.759888408385826 53.70241568484209 -5.270751443488232
-3.586437484615973 54.05182098831836 -5.520047404920264
-3.41278989525371 54.39743392564059 -5.768843744836911
-3.238946943627268 54.73930461735613 -6.017113659577353
-3.064906173162646 55.0774682706724 -6.264839684950196
-2.904089214494699 55.391916463395944 -6.482240735721258
-2.732254741697105 55.72976974439061 -6.730320458599392
-2.560192680291293 56.0639952955314 -6.977893712706424
-2.387912259973375 56.39464630544867 -7.224929967019301
-2.221640622341948 56.73203983328534 -7.459179733207618
-2.045881113862482 57.05446986304703 -7.708931684045351
-1.849163633304404 57.36197914173529 -7.960431007278669
-1.704614251827149 57.65973470673566 -8.177164950864157
-1.507015594013357 57.94957632597061 -8.439774585111586
-1.340372259409313 58.253513205780095 -8.67839597447275
-1.154635766078801 58.59621532776777 -8.919888108923262
-0.989381482108203 58.89540286317061 -9.160925263776718
-0.812135217480899 59.18699345840701 -9.394646379597265
-0.634839798659609 59.47527878676661 -9.627789294734123
-0.485247357310687 59.75125139868927 -9.831523215978715
-0.318102109503308 60.034958968027865 -10.068598022033827
-0.139710232917499 60.322254866143226 -10.301998944759665
0.045011163357405 60.63679229981346 -10.572433265075972
0.22550711926638 60.91033737996586 -10.803769167586974
0.405678196453455 61.170143643655734 -11.033129705240619
0.571600542654739 61.436093965599966 -11.269491920770031
0.743270704780908 61.72912507358369 -11.507354158642226
0.920703958621591 61.993990610687405 -11.736504106167658
1.098088541837122 62.25580984814451 -11.965016949071742
1.275411073948101 62.51460749604789 -12.192892054126855
1.429371476757031 62.71170887378919 -12.395070293826183
1.594994438923631 62.98338601428688 -12.61415831961662
1.791423884287527 63.2675966484822 -12.884495329333514
1.972702830103942 63.5092544708882 -13.10875556655053
2.130251661365155 63.73527003599099 -13.308386555948765
2.295516443179308 63.97264809265193 -13.519470822586415
2.504211415581687 64.18698747551478 -13.794476626698618
2.668642940441549 64.44936506109859 -14.004532537771489
2.835199690735418 64.6799689426762 -14.233213610805015
3.020348784081524 64.93307982325513 -14.474667841509941
3.182410736082036 65.1432601195549 -14.680087659562915
3.360211337315325 65.37139403191587 -14.899621700949178
3.523904121857131 65.58817737369937 -15.103941104703422
3.691303539656768 65.80984104517121 -15.324117324753985
3.858593242939865 66.02883865338549 -15.543684009223133
4.025737559523551 66.24517224306486 -15.762618201267689
4.210259195751295 66.42308672481094 -15.969781277034231
4.39077260912864 66.6799076067943 -16.216568896208013
4.562486820236997 66.8870440077261 -16.42075143140801
4.743966184675672 67.05392076400955 -16.639191616096316
4.909188142216402 67.25411267705744 -16.84689142439744
5.078385771823087 67.49391076056251 -17.070224222604043
5.243985289861429 67.68897850567294 -17.289027628918124
5.412848310235463 67.88885121377905 -17.491903395091892
5.571969385500038 68.06130328387323 -17.700152929767686
5.741771665826946 68.2471072898381 -17.905611962082517
5.911329984018696 68.43041440864793 -18.110392764065917
6.080649431633086 68.6112399294926 -18.314486646134085
6.249739353521537 68.78959963907386 -18.517886433172002
6.418610108618356 68.96551114819417 -18.720583324018623
6.584882022027621 69.15978102210458 -18.948927290042267
6.774677988695557 69.25335781975471 -19.17071026764897
6.942448356050154 69.42777305987248 -19.377517426042875
7.109953509173383 69.59985140287492 -19.583644196439344
7.277173146998843 69.76961890462854 -19.789089529456852
7.478791165540549 69.96952783081171 -20.025123740289256
7.613620977216653 70.11855319542263 -20.198661332629325
7.783461390733796 70.27519919094722 -20.390320709692766
7.960683158568387 70.42458783302473 -20.60041778420756
8.134698907073668 70.58454400118153 -20.80423842240061
8.27196646687193 70.76036680796528 -20.976944003929066
8.44353886129169 70.90672299033415 -21.187469311953528
8.61480720267549 71.0508451539193 -21.397311973846143
8.773011014808377 71.17216280031153 -21.582764886190727
8.942091925283465 71.31085867617405 -21.78307521587716
9.110858105525898 71.44742099235856 -21.982709068641086
9.288338077877023 71.57775367717606 -22.175746382261146
9.450776363788169 71.71729736657701 -22.372453936292718
9.612823212262738 71.85465904945279 -22.568537718392417
9.782567724034424 72.01094655088303 -22.770081869233053
9.93592268909311 72.12293682058595 -22.95854980976478
10.100353022768731 72.26938992079181 -23.14152063319205
10.259483861072212 72.39658505333831 -23.338755074479362
10.436331750802802 72.49782372150996 -23.544570881649737
10.603986898685068 72.61590154941537 -23.72529341264708
10.743320249324487 72.73698770938188 -23.884929733371994
10.903355585468379 72.84895065414524 -24.082467832972707
11.077302009366678 72.94100881770612 -24.269894240408085
11.252519244840554 73.08524405036273 -24.467722241036274
11.417346173912252 73.19569317213067 -24.66274768397574
11.581733104849445 73.30404656856287 -24.85702839950601
11.73215645240706 73.36243580759265 -25.018221527293175
11.888163052305734 73.46505276920918 -25.20217105549568
12.047720359863776 73.59335695157102 -25.39476488086963
12.205264079328185 73.69071220765348 -25.57295860181335
12.36242748123873 73.78602534213178 -25.750379029419364
12.519218613793836 73.87930219252051 -25.92702810666051
12.67564850467391 73.9705591414945 -26.102910429079042
12.831708445008184 74.05981521551834 -26.278028967945573
12.991381580908028 74.14475530571384 -26.457014604629908
13.142706451245374 74.23214751420868 -26.62631911956264
13.297777054392716 74.31532916186914 -26.79941998643368
13.452527399297544 74.39657270583403 -26.971748771007324
13.606974607728974 74.47590474861704 -27.143269563543207
13.761128108935617 74.55342551735703 -27.31394477784652
13.914921918295938 74.62920337305178 -27.483833626964806
14.068312994138088 74.70321130259131 -27.652978592853458
14.22129185752486 74.7754223144588 -27.821378195648006
14.40108125299857 74.85664048563214 -28.03307763653901
14.554797262148902 74.91631678978841 -28.20420236842221
14.694926001590058 74.94307878589998 -28.33339520780643
14.866094337575552 75.03314748620183 -28.536515401787806
14.993305934066607 75.07230659814434 -28.66389270941611
15.17956430626412 75.13844447125032 -28.87359867639652
15.330145695317857 75.20389556543279 -29.03622636119574
15.465495341437842 75.25538182895984 -29.175175805505532
15.619290236522827 75.31051705568044 -29.34313078915011
15.772632275923927 75.36392131049818 -29.510318558894944
15.925543834305243 75.4155869708621 -29.676750213399842
16.078052591542853 75.4655117468337 -29.842422852519107
16.23023398119619 75.51371380900234 -30.007280231049894
16.382024041265737 75.56015351065727 -30.171278268919075
16.519904295697106 75.57896985725203 -30.327428440571772
16.660100824143495 75.62320744550996 -30.479515192251974
16.799885374660338 75.66571060409869 -30.630786988338457
16.96338644734906 75.7423891334447 -30.79603127588092
17.113394568963923 75.76624594424294 -30.953092439399345
17.236018677531337 75.77292311800078 -31.083060931509863
17.385916395140946 75.80581373099717 -31.23993643431947
17.536902140884514 75.834395638804 -31.391284569737
17.68757951802216 75.8612696161748 -31.541793640326794
17.834495279894973 75.85971606908939 -31.707899839076752
17.97523782390722 75.88706121299198 -31.848319919013303
18.115577508945147 75.91276196076875 -31.98798679453139
18.255530882048255 75.9368399546121 -32.126889372221925
18.36723308217002 76.00704465534099 -32.263182663918485
18.535262179770868 75.99933981327092 -32.42603257144836
18.67367605333169 76.0150051174407 -32.5805415454112
18.83066974905052 76.00930207972789 -32.73456062564361
18.969346463075276 76.01722051875709 -32.88641513189576
19.08839430820699 76.07335715207888 -33.000596171326826
19.22466327390832 76.07055889721053 -33.156397573446036
19.36843634040769 76.077366569575 -33.291088454238654
19.51158951434751 76.08260466184029 -33.424975857386336
19.66060466045076 76.04720103675828 -33.57084094820694
19.802946055413067 76.05235633649036 -33.71726861948572
19.944834815116625 76.05593866313218 -33.86282797415651
20.08623968635891 76.0579384904563 -34.00754001346962
20.22715409033997 76.05835115790758 -34.15142403160654
20.361079027852323 76.04002904978313 -34.286234564175004
20.45444106348419 76.06160036648656 -34.39186102465244
20.629135782843925 76.02031116035886 -34.55831619749974
20.74275421984678 76.03796618668846 -34.683520500589815
20.882626501425428 76.02529857265367 -34.81806033581187
21.01717197604259 75.99472596089326 -34.935489778224486
21.138300000127845 76.00952388007772 -35.071766465917484
21.274521174156884 75.99542951954335 -35.19706837177595
21.40284832734141 75.99243856414857 -35.3271202463161
21.535701785369792 75.96053134054938 -35.464215591057034
21.689731662278874 75.87200323171179 -35.596000565304514
21.799387406388895 75.90760965301828 -35.71701578428644
21.925601509678017 75.81963517372344 -35.83288105210854
22.062192168705923 75.79192716637604 -35.96339552967326
22.198341924416447 75.7626863124887 -36.093248696646526
22.334067997072587 75.73190790192554 -36.222403397574276
22.43857854151337 75.73065442958757 -36.33493711482078
22.566968089434823 75.68574454802224 -36.45452944336598
22.69495206466989 75.6392698156113 -36.573430995692725
22.822527653086375 75.59125788113286 -36.69165256515449
22.95021526198098 75.59227755080192 -36.826428053086154
23.08580018215192 75.54671569632951 -36.9409266287615
23.221482256450674 75.47448332155777 -37.07249706356503
23.320718892938007 75.46070092993948 -37.1729732714275
23.444130570499794 75.42109873554277 -37.28164267873264
23.567142251477872 75.3799289344479 -37.38957978424968
23.689769804555795 75.33720184593989 -37.496784468897815
23.832050361662798 75.25282489534086 -37.64660811992802
23.96550353684222 75.19968406790223 -37.76441161807327
24.074332421004684 75.19751932882195 -37.872403934771064
24.18569844281931 75.14260024402587 -37.98226633482263
24.331424684305848 75.03364551520714 -38.08184439461997
24.43183695087603 75.023287816702 -38.18929056424041
24.566473957474383 74.9217588871507 -38.3041424058295
24.68325904777977 74.86357128183555 -38.414208154369454
24.79953963329732 74.8038976417802 -38.52354947543836
24.915307333261445 74.74273753073933 -38.6321653989225
25.030547358362696 74.68007829692996 -38.74005697675804
25.145233105785792 74.61590370363399 -38.8472120849434
25.254559908962722 74.52547826402599 -38.90552141796251
25.36435873680609 74.45090397723106 -39.00944771772031
25.473740740096705 74.37480223513423 -39.112702968227886
25.599890488434678 74.28439233091933 -39.21959558916204
25.731802296192175 74.16690382000537 -39.338339070081545
25.830345050824615 74.15998473584307 -39.42095774146318
25.93739805691064 74.08270730818646 -39.525465781922165
26.041558573636934 74.03225726263997 -39.62455758775545
26.17166758380872 73.95699540879468 -39.71601435710051
26.301898375115062 73.84053857264801 -39.84358751910012
26.40985563596588 73.75047070193757 -39.92931529370385
26.51732664894963 73.65883104327467 -40.014355081377616
26.62431572969816 73.56563919123424 -40.0986916838039
26.729324393001583 73.46137808219599 -40.18317075682954
26.83285188286154 73.35986673638861 -40.278295529620465
26.942947918416575 73.32373333793757 -40.38512472710682
27.06650433834174 73.18635001672585 -40.47512781941256
27.14290371233313 73.11139970987035 -40.536637613912525
27.256838662166036 73.01668470605333 -40.63347973866582
27.370251681754667 72.92036611227893 -40.729551795782804
27.48312481162132 72.82246341797838 -40.824852530165494
27.59544165510205 72.72298018776041 -40.919378389128354
27.668897300441813 72.56196109044633 -40.95644182018097
27.78252897093264 72.52468256998755 -41.072396352488106
27.886351112086093 72.41926663602818 -41.15106337094881
27.993132053537025 72.28254095271708 -41.22326480821957
28.089686947947044 72.17224785940437 -41.31097783307507
28.200941382220243 71.97310875263355 -41.3919825783004
28.301664302523236 71.95266448888023 -41.487433490187726
28.406427585759694 71.83658516314861 -41.55495361327421
28.474215305309468 71.71767489221581 -41.60572362479125
28.61095781961597 71.53047070817033 -41.70278540889649
28.709602244833878 71.40819465656679 -41.791141907611674
28.787704054106193 71.28571083640591 -41.82410375851832
28.879928186372105 71.15503404969914 -41.90133353973741
28.971634211469222 71.02276960629673 -41.97778020781352
29.08550327416956 70.88621083557209 -42.047255458346235
29.1801784983376 70.7526433773996 -42.12399059216441
29.29081620331615 70.64220974098014 -42.20801781849553
29.347832424426613 70.50819788235903 -42.24189499324787
29.443358036081438 70.37959838443568 -42.30811677849937
29.550596718942312 70.29029631893529 -42.40406064941022
29.64844499010944 70.16171970233532 -42.46316779535112
29.71555078528859 69.98124720949188 -42.50991131036599
29.80912364477514 69.83992506041812 -42.57709069159223
29.902235853121937 69.6970663922214 -42.6433950236062
29.994894934053075 69.55266587569454 -42.70882088155542
30.08812320047471 69.40157529247027 -42.76230956151409
30.179723743683034 69.2591345191442 -42.836813447180404
30.253449022974415 69.14399944800569 -42.873141654899264
30.345346168486866 68.99688642214186 -42.93827323270757
30.436713959522457 68.84819282768947 -43.002603981418794
30.527631662144945 68.6979402764285 -43.066116031465455
30.607489861956267 68.55016440627176 -43.106293863439085
30.691317287455796 68.38588656094466 -43.15981003464527
30.774854463775604 68.2199463285666 -43.21251778382343
30.85822881578706 68.05253651509555 -43.26426147694471
30.94116578720057 67.88379320435806 -43.31503302068544
31.023524335454653 67.71364370971213 -43.364934983374006
31.105284058150055 67.54204715634549 -43.4140174624783
31.18644245214633 67.36899244666006 -43.462295286180606
31.25288849466163 67.19001862715382 -43.48674368349461
31.3367298833343 67.02534529298306 -43.53689928559745
31.41995553939819 66.8592228531861 -43.58623815061212
31.502580014567556 66.69165551250313 -43.634776100304364
31.579237928702135 66.52813362539727 -43.68836286162651
31.657709257373448 66.3536690696829 -43.72627400879733
31.72485495160957 66.18191055293904 -43.761372387149024
31.791401866450574 66.00860207829629 -43.795791818128514
31.857302214546785 65.83361528593458 -43.82964615664979
31.9395511718739 65.61185392672286 -43.86331070524874
32.01008467545487 65.4301758325414 -43.89391324171623
32.07960709475074 65.2893934894887 -43.933600572583714
32.149822365864495 65.09355610934534 -43.96410141812594
32.22440272766193 64.88330671209422 -44.002998347857236
32.28795932934144 64.69730871388572 -44.02249580002389
32.35613682596316 64.49710477612821 -44.05049856832575
32.42849503599597 64.29530521230258 -44.088125948913095
32.49489921663145 64.15712291662295 -44.12563532840973
32.54788342364686 63.945861508258425 -44.128446768269846
32.608095241295175 63.7480247072993 -44.15586210253361
32.68533583624168 63.509467665571435 -44.19228094173597
32.74772762291694 63.337460914222426 -44.21153283823772
32.80605272223257 63.14308183091439 -44.232275629707964
32.86365244014625 62.947325019210744 -44.25213688904115
32.926486876914005 62.73466868787984 -44.27950318465885
32.99238149082512 62.51847676183872 -44.29110959770539
33.033532927360646 62.33225726924265 -44.2946954670367
33.091094905408504 62.11911620492016 -44.314119132618075
33.148012159378226 61.90451152317067 -44.332526704519616
33.20426604481176 61.68844576441991 -44.34992493428219
33.259839517330384 61.470924061776905 -44.36631509608473
33.32774171415043 61.1918508098949 -44.361061323509645
33.38046238801714 60.97556681551276 -44.372535886250205
33.432702554509035 60.758026226406535 -44.382793669899876
33.484492127739415 60.53936306806555 -44.391605863820395
33.53099553059499 60.35669683907202 -44.40603947769404
33.58252493061149 60.097395994931375 -44.404386126675924
33.63012739402611 59.8736129890443 -44.41048866874178
33.682860927822674 59.64919276865545 -44.418622458999906
33.730090323099994 59.42314736907061 -44.42241647514539
33.77632054911787 59.19565253077429 -44.42504680270839
33.823781677965705 59.042405917286935 -44.42830187619615
33.875389089854295 58.80788531236023 -44.42672372445695
33.91520566590369 58.55694731097427 -44.432955088831804
33.96046408504703 58.32202143258368 -44.42179425190815
34.004949629599814 58.08564988526497 -44.40954214372376
34.02233964656185 57.81083788561126 -44.384503744191676
34.06561859017872 57.56609084061104 -44.37870015709058
34.10807741088962 57.319922175614444 -44.3718530595564
34.149709152284856 57.072344532702154 -44.363956962711754
34.190505607094146 56.82336933995293 -44.354998287058386
34.23045709012948 56.57300139466373 -44.344959263609844
34.26955345847381 56.32123691411458 -44.333824249359246
34.306149757239986 56.11086019198025 -44.3251142865453
34.34662298990004 55.85278891798277 -44.310061034331255
34.38621193499558 55.593330539791424 -44.29388811064449
34.406419700342546 55.37334234498386 -44.26980327671554
34.43591462598856 55.117564152802025 -44.25199714398521
34.468019742496026 54.85172220215499 -44.22958192246402
34.50068953010633 54.59692620254912 -44.203623823604495
34.54039448759021 54.32299028523879 -44.19332013553364
34.54446053703753 54.07055536620583 -44.14325626387206
34.57883690811551 53.82993665887119 -44.138715291734385
34.612291914363254 53.56188863394742 -44.10364310306378
34.61551348950939 53.27535295624999 -44.05199036476904
34.652126314474856 53.02676647420877 -44.03695089251211
34.67551535587981 52.754060875976116 -44.00874759386245
34.698010123020474 52.47990475707433 -43.97933490729781
34.719605173272264 52.20430263781019 -43.94870645858495
34.74029073757553 51.9272612192301 -43.91686242819996
34.7600474001131 51.64878510264316 -43.88379948270239
34.75128411508716 51.29492319989203 -43.798203011017776
34.77039994565122 51.01462382941884 -43.75201335836763
34.78721940486003 50.81571671194379 -43.74035879448981
34.80619217181888 50.53574953411105 -43.69944552186089
34.824219834796274 50.25437182891928 -43.65729305569551
34.84128265249915 49.97158344278493 -43.61387839098205
34.845531494288146 49.60022685602145 -43.544681808992785
34.85191741540419 49.38198108123101 -43.5133670603163
34.86426507062031 49.093263169340894 -43.45893664607835
34.87561881705357 48.80315266569618 -43.40323435085725
34.87483455430028 48.5427564391142 -43.35901785519689
34.879572861337344 48.24636000372799 -43.3079754435738
34.88332345761688 47.948440390849115 -43.25564186080077
34.90052229113571 47.65289072012484 -43.191601061390074
34.89842351552086 47.353894771352415 -43.139625985040766
34.87147062379908 46.93917927516185 -43.039776092270266
34.87484038726913 46.64488239740226 -42.97601237236057
34.87713578762202 46.34914944816623 -42.91087641576145
34.891120190319405 46.05955339232149 -42.87459116881223
34.888600293183075 45.751766366809306 -42.80593912471565
34.8849748130578 45.44256708020802 -42.73588565093889
34.88023643777186 45.1319592221137 -42.66442032375155
34.87437773445779 44.81994984697814 -42.591535975173635
34.88081418529921 44.539486190085626 -42.542192571271244
34.83414594209759 44.15837619535746 -42.425958934109644
34.83030748563092 43.84648146413766 -42.34301840449312
34.83954576838772 43.55785501958598 -42.28569880306884
34.82576556498585 43.2682543442428 -42.245088711944625
34.81448189644737 42.94664748446854 -42.15926959738947
34.80196233229525 42.623642777903896 -42.0720222869973
34.77174607177041 42.30832747545362 -41.99436719751828
34.7554894174664 41.983489029902834 -41.90920844357383
34.73803267576452 41.657204129233634 -41.82257621737768
34.67599445155137 41.35969279173293 -41.69494567505008
34.65769515228975 41.020519165166036 -41.614034217984454
34.675560506809504 40.71921005750433 -41.557518387402084
34.644693736748835 40.36187335170339 -41.45660103729306
34.61549947044271 39.979906796006446 -41.339372304902554
34.58005490997105 39.63992551136656 -41.23985531329159
34.543347706988165 39.29850853205621 -41.13873083386634
34.49658804659026 38.93591968139023 -41.01049039453735
34.46461137218927 38.59120543314569 -40.91456653883615
34.431344226306926 38.24506123485905 -40.816989913524935
34.41501066370924 37.97803781997573 -40.73902412157746
34.37663457616893 37.63443647964737 -40.626468349979525
34.33696862092514 37.28930616757452 -40.512290027936004
34.29599281008596 36.94264687406644 -40.39649111757061
34.247511866262215 36.591074236561475 -40.29246741100758
34.204754113851976 36.23846216510035 -40.170768532781736
34.160693687087445 35.884310692425224 -40.0473276974399
34.115290643943474 35.528631218190384 -39.92213912333841
34.0736047650568 35.152181209488944 -39.82344491805604
33.96506401156605 34.79183090149445 -39.63894912385874
33.92198134266813 34.42432892891349 -39.51351731216925
33.877455124699075 34.05530566784743 -39.386221172332455
33.83144582821535 33.684752603401506 -39.25704987534846
33.81990067406266 33.356128961325204 -39.18417364873734
33.75822001462452 32.997799632751686 -39.05004692679298
33.69517452234022 32.637667663182356 -38.914244016294006
33.62908718351171 32.21150616784394 -38.75975793861057
33.571016009144024 31.87314065072843 -38.62772006050901
33.50385215249909 31.49703953751448 -38.4808846603584
33.43508087347791 31.119357242673967 -38.332091473262814
33.36468784531973 30.740099798760873 -38.18132079532573
33.29265641527576 30.359275522407813 -38.02855250647475
33.21896841742799 29.976894576652413 -37.873771335003696
33.081042589647 29.560800420286625 -37.67419192779889
33.01217215789709 29.176683408988936 -37.51614714326111
32.98392963782607 28.886680830573276 -37.431496241232445
32.90020694461568 28.49837039272623 -37.2642315062703
32.818473237586865 28.04706802076322 -37.097075563404346
32.739781522938884 27.658247176592823 -36.929012273235045
32.659270587640066 27.267848566380373 -36.75876753833536
32.54545380571756 26.838438811322973 -36.573328286478734
32.459072674033784 26.444641998869976 -36.40080781181263
32.370821411473564 26.049340069831988 -36.225997583209136
32.28067580819567 25.652542414930476 -36.0488588806997
32.17612875892049 25.266368217685212 -35.86413613305614
32.07751932588689 24.859559420567773 -35.68605732051983
31.976990410986744 24.451184556278353 -35.50557346829011
31.91535411459009 24.15980791258486 -35.37456616619981
31.78978913203134 23.641673337251984 -35.14044294838298
31.703406345287792 23.33060374709788 -35.00571809539433
31.5864150290899 22.808577167112873 -34.756595615235995
31.538487885845957 22.52670910927117 -34.652389057066365
31.379652895645723 22.05515930239918 -34.389331326791805
31.25971685347068 21.631554263268978 -34.18983333995662
31.135823884690726 21.23830741788451 -33.98100577755165
31.01302314040994 20.812233945760614 -33.77917105070767
30.85793780230118 20.365940257157245 -33.52659906443267
30.776654913214678 20.061683203715305 -33.38115232513839
30.657917097297556 19.57384690010502 -33.1602362342694
30.534342988271337 19.15201453356778 -32.94384304341838
30.408306072880166 18.72855368505846 -32.72463694932534
30.29067437597244 18.395926969788732 -32.53806215916138
30.10027541141268 17.880301999254016 -32.24566596847466
30.010197869921438 17.49077113058378 -32.06880825029318
29.83817772541765 17.050084524390336 -31.816725562422604
29.69802615203102 16.611141426925 -31.582009485353506
29.550268911298843 16.25465313414056 -31.349711354103025
29.39579233607558 15.82023551968659 -31.10867652002385
29.28362352538408 15.41229300358755 -30.9003744332434
29.12538352082052 14.976073282149015 -30.647026324976448
28.964228385648706 14.538138224146499 -30.39032901914391
28.80010415630184 14.098501803127467 -30.13022656106325
28.661422736616906 13.639932696110835 -29.90155767685232
28.49338065100982 13.196428516396077 -29.637059267098643
28.316413427438622 12.74873069635777 -29.377733001109302
28.103006557433275 12.290349553327328 -29.060099969051386
27.92460888632768 11.833329888947258 -28.78841787410753
27.74293827414258 11.374708572439957 -28.51301241637946
27.557942110625817 10.914492679670968 -28.23383440362995
27.360639185434316 10.561546131255492 -27.96778279545612
27.16604204364988 10.098295027502605 -27.678680971351692
26.96788432651004 9.633506545601843 -27.385591404725165
26.891032628069794 9.25850301847904 -27.202316021287412
26.588597182801582 8.66506738831123 -26.7772029905822
26.400838462089823 8.334238741946203 -26.53367236059998
26.192466395164825 7.871819278606817 -26.225671369136467
25.980129007402134 7.40801471192214 -25.913268210866168
25.76374502262611 6.94286028041704 -25.596381976952557
25.570316447552198 6.451087919745852 -25.2780326502686
25.338005100957155 5.98684768053025 -24.95591614556285
25.089454677657955 5.539684890658243 -24.617993368775423
24.856013111402948 5.069526736821429 -24.282341241708497
24.618066443129585 4.59822811356087 -23.941790345089338
24.37550127080886 4.125850277512189 -23.59625068141192
24.128204503958553 3.65246216496257 -23.24562087835396
23.876064831823033 3.178133910457024 -22.88979534400007
23.61896986949373 2.702937350109278 -22.52866747766255
23.38403264312299 2.256904243363832 -22.174492586769073
23.10359048064988 1.780747493937665 -21.7910754735975
22.82102099050794 1.298238494737985 -21.410184603050308
22.64742144370353 1.061797973568555 -21.190233511795864
22.370398534418158 0.577680687999305 -20.79851567526667
22.087720967102065 0.093351552623192 -20.400849098463585
21.79924177239987 -0.391066250890118 -19.997106525059507
21.504807830878406 -0.875443758065226 -19.58715769345646
21.10726736232416 -1.266088990549807 -19.15364440207645
20.789702066559162 -1.74572243675887 -18.737395497091516
20.465705675354585 -2.224889391881783 -18.314500113608005
20.135111440573173 -2.703412602244326 -17.88480900760685
19.746020125746394 -3.380201907159576 -17.29326290127365
19.731154370537954 -3.508708968017389 -17.232029908459012
19.362690516369387 -4.102509352285281 -16.727810319834784
19.00076387437898 -4.570765676484325 -16.26909159938084
18.50694726555069 -4.875318779503307 -15.712084946874402
18.139147806914654 -5.344807701765878 -15.235952429316052
17.76344483702626 -5.812022233303628 -14.751944274644744
17.37962861990299 -6.276637491795012 -14.259892919000368
16.987485553659766 -6.738301487943462 -13.759630990676595
16.586798944635778 -7.196633345607485 -13.250992226020706
16.17734982259582 -7.651220590800213 -12.73381282837684
15.758918087309867 -8.101617194584497 -12.207932742571757
15.33128388094483 -8.54734090145084 -11.673197463460163
14.894229328943332 -8.987871092909234 -11.129459934424741
14.447540559871014 -9.422646304025609 -10.576582856251106
13.991010265351257 -9.85106203828516 -10.014441297858419
13.524440610771858 -10.272468636569958 -9.442925683359942
13.047646598033229 -10.68616947841565 -8.86194529456526
12.56046006813003 -11.091419659127675 -8.27143209622995
12.062734197888219 -11.487424978513923 -7.671345114636904
11.554348439178897 -11.873341897499303 -7.061675043171396
11.03521416602869 -12.248278138882354 -6.442449423605898
10.505280674642213 -12.611294522620224 -5.813738015838898
9.964541700872173 -12.961408034238906 -5.175658545211137
9.021365101005559 -13.450836675894024 -4.160229807638539
8.457435616339955 -13.749896680782514 -3.493786686116384
7.883148126539238 -14.032291392264716 -2.818782045135417
7.298770555231286 -14.296899238708308 -2.135627016755809
6.548909523761949 -14.58360323811391 -1.337322144874757
5.944403513267688 -14.79902946545102 -0.643979427423548
5.331349900362056 -14.9931567968969 0.055014166801982
4.603017720497097 -15.18227464331746 0.819018443968123
3.972732022693481 -15.339768958342768 1.514353109333481
3.215847768189947 -15.561411449777083 2.301262729133946
2.529465626498314 -15.690065796311659 3.02651341724955
1.888587508549921 -15.77798827097938 3.693921697270246
1.085334747555309 -15.872062580215971 4.479675413446833
0.434635834153382 -15.922953800147805 5.123904733504507
-0.216526500324664 -15.955709137261104 5.75848789821297
-0.867419241250955 -15.971100739281503 6.38321717702381
-1.517374753538253 -15.969912054429024 6.997944143521185
-2.165790357094306 -15.952927714961145 7.60257407759684
-2.812126041182499 -15.920925464802307 8.197060313417005
-3.455901316849062 -15.874669445934668 8.781398245847969
-4.096691115723536 -15.814904618860163 9.355620069786125
-4.734122384407414 -15.742352991967664 9.91978955603252
-5.367869617531533 -15.657710340552699 10.473997111334429
-5.997650849757924 -15.56164443616745 11.018355311121265
-6.623223979228714 -15.454793888548279 11.552995074362167
-7.244383061570031 -15.337767159068397 12.0780618835866
-7.86095408325128 -15.21114277217409 12.59371295823386
-8.47279134125086 -15.075469346873424 13.10011469253481
-9.07977402362243 -14.931265890296336 13.597440220070682
-9.681802856467943 -14.779021504655777 14.085867094430318
-10.278797262282794 -14.619195304644498 14.56557329961675
-10.851132797871832 -14.495297768879487 15.0299141392361
-11.37777638225925 -14.365203738905757 15.449566273863423
-11.965549090380172 -14.15509384502521 15.912803999210285
-12.549212224452514 -13.968471267705995 16.352519697553216
-13.120697196889441 -13.82472544181428 16.801653559007388
-13.6911581901508 -13.628613127032441 17.230793523798216
-14.107627061754425 -13.445686997929794 17.553832816890353
-14.67164779227053 -13.244153698791965 17.96800797263658
-15.230515354021694 -13.038074326740468 18.374980239960657
-15.788038744326617 -12.81278227240969 18.784690925881307
-16.332247118242428 -12.598831745070374 19.18727656181137
-16.87138885305886 -12.381094797951526 19.58313851887974
-17.405504348632007 -12.159778216201575 19.972434126218985
-17.934634699318764 -11.93508136132719 20.35531361977577
-18.458822475495236 -11.707193149608988 20.73192129238681
-18.978111974479187 -11.47629296147068 21.102395867405544
-19.492548880984256 -11.242550626071688 21.46687101529272
-20.002180279430984 -11.006127157034047 21.82547609168036
-20.507053808735805 -10.76717526365217 22.178336280559932
-21.007217197058505 -10.52583983996876 22.525572539221173
-21.502718396460075 -10.28225821964312 22.867301577648767
-21.99360531406949 -10.036561018349566 23.203635768710377
-22.47992555904662 -9.788872727511668 23.534683161208026
