58.70520000001515
58.58400000001507
58.09080000001476
57.07800000001419
56.262000000013735
55.52280000001338
53.76360000001247
52.834800000011995
54.074400000012744
52.286400000011774
50.08440000001053
49.580400000010286
46.916400000008885
46.184400000008466
46.8108000000089
42.330000000006464
39.45480000000496
37.316400000003945
37.20480000000397
32.88720000000197
32.694000000001864
32.44560000000177
32.016000000001675
32.916000000002015
29.437200000001777
28.94760000000181
26.782800000001796
25.182000000001754
24.22440000000167
25.52760000000169
23.88000000000158
23.21400000000147
24.266400000001514
22.35600000000137
24.765600000001427
20.884800000001214
19.929600000001063
16.160400000000756
12.888000000000464
13.363200000000498
12.514800000000388
12.39000000000038
13.563600000000465
15.873600000000621
17.268000000000697
13.039200000000465
16.088400000000593
13.38480000000044
14.848800000000518
15.87960000000058
16.264800000000605
20.774400000000746
21.64080000000077
18.06840000000066
16.678800000000596
19.140000000000672
18.781200000000666
17.364000000000644
16.90320000000064
13.939200000000502
14.01000000000048
14.884800000000569
13.416000000000514
14.427600000000611
15.493200000000716
13.671600000000607
13.492800000000623
15.686400000000807
13.306800000000651
14.966400000000803
14.312400000000794
13.830000000000792
15.711600000000928
16.646400000001
17.06040000000105
19.297200000001137
18.756000000001134
20.05680000000118
19.87560000000122
20.21520000000122
20.349600000001214
18.307200000001185
20.041200000001236
18.958800000001226
18.298800000001247
18.85320000000125
18.80400000000125
17.607600000001206
19.903200000001267
17.81760000000123
17.98920000000122
16.628400000001186
16.11960000000114
17.865600000001226
19.47720000000126
19.011600000001252
18.710400000001236
17.644800000001208
15.734400000001084
18.98280000000124
19.358400000001257
18.158400000001212
20.742000000001298
16.77120000000114
16.43160000000113
17.492400000001172
17.173200000001152
19.99680000000127
20.19360000000126
18.027600000001147
18.9684000000012
15.778800000001004
18.80400000000119
19.536000000001238
18.912000000001196
16.458000000001043
18.09240000000115
16.378800000001032
19.512000000001226
18.698400000001158
17.56440000000108
18.79320000000115
19.779600000001185
20.554800000001208
20.895600000001213
19.078800000001127
20.539200000001195
19.42200000000113
20.55360000000117
19.39320000000111
19.220400000001106
18.378000000001062
18.944400000001078
19.49880000000108
19.352400000001065
19.784400000001064
19.03080000000105
19.20120000000106
18.91440000000104
19.102800000001054
17.661600000000963
18.337200000001022
18.074400000001013
18.220800000001024
18.406800000001017
18.354000000001005
19.958400000001074
18.448800000001008
17.532000000000938
18.32160000000098
18.124800000000967
19.14960000000101
18.71040000000097
19.740000000001007
18.636000000000962
19.915200000001022
19.318800000000998
19.257600000001
19.466400000001006
18.81240000000098
18.013200000000932
18.712800000000986
19.23960000000099
18.476400000000964
18.60720000000095
18.879600000000995
19.154400000000997
18.638400000000974
18.34920000000095
19.226400000000996
19.154400000001004
17.172000000000875
16.624800000000842
17.913600000000915
18.55680000000097
18.326400000000948
19.111200000001002
17.82000000000091
18.914400000001006
19.28880000000103
17.57520000000092
18.43800000000098
19.13280000000102
18.937200000001017
19.122000000001016
19.632000000001035
18.87000000000101
18.848400000001018
18.746400000000996
18.67800000000098
17.57040000000093
18.969600000000998
18.99600000000099
19.10280000000099
18.380400000000954
18.85800000000098
19.256400000000994
19.228800000000987
17.839200000000943
19.166400000000984
18.47040000000096
18.133200000000937
17.89080000000093
18.442800000000954
18.314400000000933
16.214400000000797
18.192000000000917
18.088800000000905
19.20480000000094
19.054800000000935
18.097200000000882
18.39120000000091
18.398400000000898
18.44520000000089
19.069200000000908
18.8616000000009
17.413200000000813
17.898000000000852
18.31440000000087
18.554400000000857
17.574000000000815
17.506800000000815
18.198000000000853
18.45840000000087
18.615600000000878
17.835600000000834
18.62040000000088
18.001200000000853
18.730800000000883
18.528000000000883
18.052800000000857
18.02760000000086
18.46800000000088
16.01160000000072
17.298000000000812
18.60120000000089
18.297600000000863
17.730000000000814
18.370800000000845
17.941200000000823
17.49360000000078
17.89680000000081
17.761200000000784
17.822400000000787
17.82120000000078
17.134800000000748
17.674800000000758
17.82000000000079
17.71800000000077
17.710800000000773
18.084000000000792
17.698800000000773
17.76840000000078
16.850400000000707
16.473600000000708
17.83080000000078
17.341200000000768
16.98840000000073
17.894400000000797
18.292800000000785
15.72720000000065
16.5012000000007
16.880400000000723
16.197600000000683
17.050800000000745
18.207600000000795
16.636800000000726
17.521200000000768
17.244000000000757
17.121600000000736
17.386800000000765
17.066400000000748
16.596000000000732
17.40840000000078
16.96200000000075
17.48160000000077
17.45040000000079
17.264400000000773
18.1212000000008
17.557200000000773
16.405200000000733
16.299600000000723
17.293200000000763
16.561200000000742
16.876800000000742
17.293200000000763
17.288400000000763
16.894800000000753
16.887600000000752
16.118400000000722
15.909600000000696
15.865200000000698
15.560400000000687
16.85640000000074
16.536000000000737
15.618000000000707
17.08320000000076
16.270800000000726
16.570800000000727
17.086800000000753
17.054400000000754
17.155200000000765
15.832800000000718
16.326000000000693
15.85680000000069
17.053200000000736
17.05560000000071
17.068800000000707
16.33800000000068
15.898800000000673
15.958800000000677
15.946800000000673
16.654800000000705
16.759200000000703
16.702800000000696
16.075200000000674
15.77880000000068
16.6728000000007
16.670400000000694
16.86120000000072
16.701600000000685
17.06160000000071
16.737600000000704
16.408800000000685
16.960800000000727
16.998000000000715
16.461600000000697
16.707600000000717
16.73880000000071
16.20000000000069
16.20720000000069
16.178400000000686
16.128000000000675
15.838800000000662
16.122000000000668
16.156800000000665
15.876000000000667
16.24920000000068
15.799200000000658
16.453200000000653
16.425600000000653
16.074000000000655
16.064400000000646
15.776400000000649
16.08960000000066
15.730800000000645
15.968400000000662
15.321600000000624
15.829200000000665
15.860400000000666
16.402800000000678
16.16640000000068
15.993600000000656
16.132800000000685
16.454400000000675
15.414000000000636
15.973200000000666
15.481200000000662
16.03440000000069
16.039200000000687
16.12800000000069
15.518400000000677
15.937200000000695
15.994800000000685
15.589200000000677
15.542400000000683
16.04160000000069
15.04200000000067
15.548400000000681
16.200000000000692
15.888000000000686
15.823200000000686
15.781200000000693
15.697200000000677
15.790800000000676
15.176400000000655
15.171600000000659
15.22560000000067
15.225600000000664
15.651600000000672
15.22440000000069
15.267600000000705
15.728400000000695
15.752400000000709
15.742800000000708
15.136800000000697
15.558000000000703
15.2808000000007
15.30120000000069
15.440400000000706
15.426000000000691
15.315600000000687
15.655200000000695
15.4320000000007
15.028800000000686
15.469200000000695
15.038400000000667
15.024000000000672
15.104400000000679
14.997600000000668
15.147600000000669
14.924400000000634
15.538800000000666
15.57360000000067
15.538800000000673
15.180000000000662
14.923200000000651
14.472000000000637
14.785200000000634
15.510000000000671
15.169200000000664
15.153600000000647
15.645600000000664
15.316800000000653
15.112800000000647
14.953200000000638
15.003600000000636
14.991600000000645
14.949600000000634
15.00960000000064
14.950800000000635
15.141600000000652
15.270000000000653
15.247200000000653
15.207600000000662
14.672400000000652
15.230400000000673
15.243600000000667
14.898000000000645
15.026400000000654
14.014800000000648
14.79120000000065
15.219600000000664
15.05280000000064
14.803200000000642
15.080400000000637
14.65680000000064
14.998800000000628
15.069600000000664
15.046800000000648
15.234000000000638
15.013200000000618
15.051600000000633
15.006000000000638
15.139200000000647
14.98680000000062
14.98920000000063
14.749200000000624
14.737200000000632
14.424000000000648
15.006000000000645
14.804400000000632
14.760000000000646
14.43840000000064
14.824800000000641
14.989200000000633
14.647200000000625
14.924400000000631
14.023200000000635
14.392800000000651
14.803200000000652
13.952400000000653
13.92120000000064
14.364000000000637
14.806800000000646
14.121600000000662
14.060400000000685
14.008800000000647
14.000400000000646
14.69040000000064
14.055600000000673
14.089200000000636
14.164800000000648
14.76720000000063
14.198400000000643
14.22240000000064
14.211600000000642
14.016000000000647
14.162400000000645
14.196000000000641
13.736400000000629
14.13840000000065
14.229600000000652
14.498400000000643
14.185200000000627
14.148000000000657
14.114400000000632
14.11560000000063
14.014800000000642
14.01480000000064
14.04480000000064
14.070000000000647
13.761600000000621
13.69920000000063
14.005200000000633
14.042400000000624
14.024400000000623
13.558800000000616
14.103600000000634
14.084400000000624
14.07240000000063
13.723200000000618
13.71720000000062
13.884000000000617
13.789200000000626
14.143200000000611
14.041200000000602
14.007600000000608
13.964400000000598
13.972800000000586
13.428000000000583
13.884000000000599
14.102400000000584
13.908000000000591
13.886400000000586
13.88880000000059
13.897200000000606
13.878000000000611
13.581600000000575
13.822800000000607
13.89840000000062
13.875600000000622
13.183200000000577
13.323600000000592
13.717200000000616
13.597200000000603
13.538400000000603
13.56480000000059
13.578000000000586
13.768800000000596
13.602000000000592
13.4796000000006
13.966800000000612
13.460400000000586
13.6488000000006
13.53960000000059
13.108800000000574
13.090800000000565
13.443600000000606
13.678800000000601
13.530000000000589
13.60320000000061
13.138800000000586
13.135200000000568
13.189200000000588
13.200000000000584
13.20120000000059
13.231200000000591
13.390800000000596
13.195200000000595
13.162800000000601
13.141200000000588
12.926400000000559
12.884400000000557
13.119600000000576
12.919200000000554
12.56280000000054
13.21800000000057
12.762000000000548
12.691200000000544
12.817200000000561
12.752400000000563
12.832800000000573
12.654000000000561
12.765600000000578
12.355200000000542
12.727200000000588
12.53880000000056
12.622800000000565
12.610800000000573
12.291600000000527
12.07080000000049
12.417600000000544
12.174000000000515
11.758800000000473
11.940000000000499
11.958000000000519
11.455200000000458
11.787600000000491
11.480400000000458
11.246400000000422
11.734800000000488
11.541600000000464
11.31360000000044
11.196000000000426
11.205600000000436
11.180400000000429
11.211600000000429
11.151600000000423
11.328000000000458
10.897200000000364
10.6104000000003
10.500000000000272
10.371600000000255
10.659600000000317
10.432800000000276
10.161600000000206
10.24680000000022
10.701600000000312
10.420800000000266
10.418400000000258
10.136400000000192
10.093200000000191
9.908400000000167
9.77640000000015
9.631200000000097
9.409200000000055
9.381600000000052
8.261999999999787
7.773599999999726
8.415599999999857
8.824799999999948
8.36399999999984
8.61719999999991
8.540399999999886
8.786399999999977
8.835599999999962
8.329199999999815
8.179199999999788
7.441199999999746
6.985199999999766
7.549199999999743
8.174399999999766
7.933199999999733
7.97999999999974
6.209999999999791
6.772799999999767
7.45079999999975
7.84799999999975
8.235599999999808
7.369199999999762
7.645199999999746
7.528799999999757
6.974399999999767
7.813199999999754
7.676399999999762
6.9983999999997675
6.585599999999778
7.12199999999977
7.123199999999767
6.4271999999997815
7.061999999999772
7.05839999999977
7.161599999999772
5.9555999999998015
6.911999999999783
6.591599999999789
5.7119999999998115
6.724799999999789
6.575999999999793
5.975999999999807
6.531599999999791
6.547199999999788
6.185999999999798
6.578399999999791
5.776799999999815
5.879999999999807
6.820799999999783
7.007999999999781
5.785199999999819
5.600399999999826
6.470399999999801
6.763199999999788
6.730799999999791
6.519599999999796
6.627599999999795
6.663599999999791
7.157999999999779
6.729599999999793
5.931599999999804
6.458399999999793
6.182399999999803
6.380399999999799
5.935199999999808
5.996399999999811
6.070799999999812
5.954399999999816
6.124799999999814
6.417599999999804
6.683999999999796
5.348399999999832
5.841599999999825
5.369999999999829
5.750399999999829
5.931599999999829
6.488399999999814
6.310799999999818
6.046799999999828
6.233999999999813
6.124799999999824
6.361199999999812
6.023999999999819
6.010799999999818
5.67239999999983
5.888399999999825
5.4347999999998375
5.972399999999825
5.415599999999844
5.731199999999834
5.782799999999833
5.812799999999832
5.707199999999836
5.6903999999998325
4.899599999999858
5.4515999999998455
6.495599999999828
5.914799999999842
5.649599999999845
5.803199999999841
5.861999999999842
5.845199999999842
5.879999999999842
6.130799999999835
5.9879999999998414
5.8835999999998405
6.038399999999838
6.209999999999834
4.941599999999858
5.405999999999849
5.888399999999841
4.991999999999853
5.70479999999984
5.777999999999838
5.41799999999985
5.744399999999844
5.743199999999844
5.330399999999854
6.097199999999835
5.707199999999844
5.741999999999844
5.6327999999998415
5.743199999999845
5.720399999999844
5.495999999999849
5.606399999999849
5.529599999999847
5.07239999999986
5.533199999999849
5.8643999999998435
5.506799999999847
5.492399999999851
5.5787999999998465
5.546399999999845
5.529599999999846
5.468399999999851
5.573999999999845
5.608799999999844
5.705999999999843
5.661599999999845
5.681999999999845
5.8859999999998385
5.633999999999848
5.379599999999852
5.657999999999848
5.774399999999843
5.26559999999986
5.081999999999862
5.549999999999853
5.549999999999856
5.275199999999859
5.570399999999853
5.864399999999844
5.847599999999846
5.471999999999854
5.6087999999998495
5.728799999999852
5.6711999999998515
5.643599999999852
5.461199999999857
5.566799999999854
5.679599999999849
5.715599999999854
5.329199999999861
5.631599999999855
5.381999999999855
5.529599999999854
5.591999999999855
5.18399999999986
5.650799999999852
5.7899999999998535
5.593199999999854
5.241599999999861
5.253599999999862
5.3471999999998605
5.560799999999855
5.241599999999861
4.685999999999867
5.281199999999859
5.4743999999998625
5.74319999999986
5.476799999999857
5.4503999999998625
5.463599999999862
5.470799999999858
5.407199999999862
5.654399999999861
5.415599999999866
5.313599999999864
5.384399999999864
5.01959999999987
5.240399999999868
5.551199999999869
5.557199999999869
5.546399999999869
5.53079999999987
5.389199999999868
5.421599999999869
5.409599999999871
5.422799999999872
5.585999999999872
5.491199999999874
5.404799999999873
4.9007999999998795
5.4455999999998745
5.479199999999875
5.523599999999875
5.354399999999877
4.840799999999881
4.839599999999882
5.289599999999879
5.321999999999879
5.401199999999882
5.595599999999882
5.2631999999998795
5.566799999999882
5.735999999999879
5.707199999999878
5.548799999999879
4.706399999999883
5.368799999999882
5.360399999999881
4.838399999999877
5.59319999999988
5.594399999999879
4.73519999999988
4.719599999999881
5.164799999999883
5.021999999999883
5.5295999999998795
5.485199999999877
4.910399999999885
5.425199999999883
4.867199999999882
5.093999999999884
5.258399999999881
5.689199999999882
4.895999999999882
4.803599999999883
5.0747999999998825
5.3159999999998835
4.996799999999887
4.979999999999884
5.294399999999882
5.176799999999882
5.221199999999882
5.063999999999881
4.7075999999998865
4.906799999999881
5.133599999999879
4.763999999999883
5.213999999999879
5.044799999999879
5.018399999999881
5.006399999999878
4.821599999999883
5.122799999999878
5.338799999999879
5.291999999999881
5.252399999999882
5.263199999999884
4.957199999999886
4.964399999999885
4.377599999999889
4.492799999999887
4.8563999999998835
5.201999999999879
5.25839999999988
5.027999999999879
4.805999999999879
5.065199999999875
5.037599999999877
4.589999999999881
4.9151999999998806
4.790399999999884
4.798799999999882
4.92479999999988
5.01479999999988
4.93679999999988
5.0555999999998775
4.532399999999883
4.5347999999998825
4.550399999999883
4.83119999999988
4.870799999999878
4.541999999999884
4.569599999999883
4.857599999999875
4.887599999999877
5.117999999999879
4.747199999999879
4.703999999999877
4.733999999999877
4.7867999999998805
5.008799999999877
4.636799999999883
4.479599999999885
4.62239999999988
4.588799999999881
4.445999999999886
4.809599999999878
4.874399999999876
4.432799999999886
4.73399999999988
4.625999999999883
4.808399999999879
4.736399999999881
4.88519999999988
4.928399999999881
4.899599999999879
4.822799999999882
4.538399999999884
4.691999999999881
4.624799999999881
4.831199999999878
4.767599999999881
4.863599999999884
4.805999999999882
4.71839999999988
4.645199999999883
4.783199999999883
4.635599999999886
4.85039999999988
4.63679999999988
4.809599999999875
4.729199999999876
4.523999999999879
4.610399999999878
4.563599999999878
4.616399999999878
4.5011999999998835
4.6331999999998805
4.694399999999879
4.5539999999998795
4.54559999999988
4.53359999999988
4.679999999999875
4.604399999999879
4.688399999999879
4.549199999999881
4.562399999999879
4.613999999999877
4.609199999999878
4.576799999999881
4.56959999999988
4.645199999999881
4.563599999999885
4.5587999999998825
4.534799999999881
4.532399999999882
4.58639999999988
4.588799999999881
4.5827999999998825
4.535999999999886
4.570799999999886
4.567199999999886
4.450799999999887
4.523999999999888
4.564799999999886
4.567199999999887
4.311599999999888
4.585199999999884
4.552799999999884
4.558799999999884
4.558799999999884
4.568399999999886
4.307999999999887
4.418399999999886
4.544399999999884
4.424399999999887
4.486799999999887
4.527599999999884
4.535999999999885
4.570799999999885
4.540799999999887
4.576799999999885
4.191599999999886
4.528799999999882
4.453199999999884
4.521599999999884
4.315199999999885
4.456799999999884
4.456799999999883
4.447199999999882
4.439999999999881
4.514399999999883
4.5383999999998865
4.425599999999883
4.449599999999882
4.425599999999882
4.426799999999881
4.2275999999998835
4.340399999999882
4.2527999999998825
4.298399999999883
4.348799999999882
4.4075999999998805
4.336799999999882
4.323599999999882
4.311599999999882
4.305599999999881
4.34759999999988
4.347599999999882
4.337999999999883
4.184399999999884
4.191599999999885
4.277999999999883
4.177199999999885
4.1771999999998854
4.214399999999884
4.237199999999884
4.1183999999998875
4.0139999999998865
4.269599999999887
4.268399999999887
4.1243999999998895
4.316399999999886
4.261199999999883
4.256399999999885
4.257599999999885
4.262399999999884
4.1687999999998855
4.0991999999998825
4.021199999999883
4.1603999999998855
4.138799999999886
4.2647999999998865
4.257599999999887
4.257599999999887
4.215599999999888
4.213199999999889
4.270799999999883
4.245599999999885
4.161599999999883
4.160399999999884
4.163999999999883
4.165199999999884
4.177199999999885
4.175999999999885
4.099199999999888
4.099199999999885
4.1723999999998815
4.241999999999886
4.095599999999886
4.085999999999886
4.211999999999887
4.097999999999888
4.102799999999888
4.101599999999888
4.180799999999891
4.0763999999998894
4.179599999999894
4.0811999999998925
4.105199999999888
4.102799999999888
4.121999999999888
4.090799999999886
4.089599999999887
4.132799999999886
4.1111999999998945
4.069199999999894
4.082399999999895
4.082399999999895
4.076399999999893
4.070399999999893
4.075199999999891
4.05119999999989
4.123199999999893
4.078799999999888
4.065599999999889
4.07399999999989
4.0739999999998915
4.090799999999894
3.9203999999998995
4.027199999999893
4.041599999999892
4.045199999999894
4.063199999999894
4.054799999999894
4.054799999999893
4.0559999999998935
4.076399999999894
3.97199999999989
3.9719999999998903
3.9731999999998955
3.928799999999897
3.935999999999894
3.938399999999893
4.01759999999989
4.049999999999887
3.976799999999889
4.023599999999886
3.9839999999998885
3.977999999999887
3.977999999999888
3.7991999999998973
3.969599999999889
4.0187999999998825
3.824399999999897
3.783599999999895
3.9647999999998933
3.825599999999898
3.8255999999998975
3.8291999999998976
3.7775999999998993
3.802799999999896
3.8831999999998956
3.8579999999998957
3.857999999999896
3.9131999999998923
3.9179999999998945
3.8315999999998964
3.7475999999999012
3.7607999999999016
3.8495999999998967
3.8927999999998963
3.8819999999998966
3.7667999999999
3.7523999999999007
3.7367999999999015
3.7367999999999015
3.6767999999999033
3.7139999999999014
3.6851999999999023
3.743999999999901
3.7079999999999025
3.775199999999894
3.7091999999999006
3.694799999999901
3.6887999999999024
3.693599999999903
3.6587999999998995
3.697199999999904
3.62999999999991
3.62879999999991
3.7211999999999033
3.781199999999901
3.56759999999991
3.5411999999999115
3.653999999999905
3.644399999999905
3.5735999999999106
3.5351999999999144
3.5507999999999114
3.557999999999909
3.5927999999999076
3.5759999999999064
3.5867999999999065
3.465599999999915
3.5699999999999035
3.553199999999909
3.563999999999907
3.5687999999999054
3.54479999999991
3.4343999999999157
3.4823999999999136
3.482399999999913
3.317999999999924
3.4403999999999133
1.796400000000031
0.5111999999999977
0.08040000000000005
0.022799999999999997
0.0192
0.0192
0.0192
0.0192
0.0192
0.0192
0.0192
0.0192
0.0192
0.015599999999999998
0.015599999999999998
0.0156
0.0156
0.0156
0.0156
0.0156
0.011999999999999999
0.011999999999999999
0.011999999999999999
0.0084
0.0084
0.0084
0.0084
0.0084
0.0084
0.0084
0.0084
0.011999999999999999
0.0084
0.011999999999999999
0.0084
0.0192
0.0192
0.0192
0.0192
0.0192
0.0192
0.0192
0.0192
0.022799999999999997
0.0192
0.018
0.0192
0.0156
0.021599999999999998
0.011999999999999999
0.011999999999999999
0.011999999999999999
0.011999999999999999
0.011999999999999999
0.011999999999999999
0.011999999999999999
0.011999999999999999
0.011999999999999999
0.013199999999999998
0.011999999999999999
0.0084
0.0084
0.0084
0.0084
0.0084
0.0084
0.0084
0.011999999999999999
0.011999999999999999
0.011999999999999999
0.011999999999999999
0.011999999999999999
0.011999999999999999
0.011999999999999999
0.011999999999999999
0.013199999999999998
0.013199999999999998
