5880.239999998141
5880.239999998141
5880.239999998139
5880.239999998136
5880.239999998133
5880.23999999813
5880.239999998124
5880.239999998117
5880.239999998111
5878.3199999981025
5878.319999998096
5878.319999998087
5866.559999998088
5866.559999998078
5866.55999999807
5866.559999998059
5863.199999998051
5863.199999998044
5863.199999998036
5863.199999998032
5851.199999998037
5851.199999998032
5851.199999998025
5821.319999998048
5820.959999998044
5821.319999998039
5831.759999998026
5783.759999998069
5783.7599999980675
5783.759999998062
5783.759999998062
5778.359999998066
5784.119999998061
5778.359999998067
5785.199999998062
5723.759999998117
5698.679999998139
5722.799999998118
5691.479999998149
5694.359999998146
5692.919999998149
5692.4399999981515
5638.199999998203
5637.239999998202
5638.199999998202
5672.879999998174
5515.319999998321
5567.039999998278
5620.079999998234
5555.399999998294
5505.119999998343
5611.199999998248
5639.519999998229
5557.919999998307
5544.479999998319
5530.3199999983335
5581.439999998291
5539.559999998331
5516.519999998354
5498.639999998377
5551.079999998331
5576.63999999831
5460.239999998419
5509.439999998378
5361.839999998514
5460.839999998427
5367.959999998516
5378.519999998505
5374.679999998511
5418.359999998472
5372.159999998518
5380.67999999851
5369.519999998522
5376.359999998519
5262.719999998623
5236.679999998649
5351.159999998545
5301.5999999985925
5278.91999999861
5188.079999998693
5295.119999998595
5408.039999998492
5245.079999998641
5245.199999998642
5177.159999998703
5045.039999998825
5098.679999998776
5213.7599999986705
5323.3199999985745
5164.31999999872
5219.879999998669
5129.63999999875
4992.359999998875
5244.119999998644
5129.159999998749
5156.999999998723
5215.6799999986715
5237.27999999865
5208.839999998679
5197.79999999869
5133.599999998745
5128.319999998751
5165.279999998718
5141.399999998738
5130.719999998747
5070.239999998803
5052.839999998818
5119.919999998757
5073.599999998799
5154.719999998723
5022.119999998846
4893.599999998964
5046.959999998827
4851.599999999006
5140.919999998741
5016.359999998859
4929.839999998938
5147.15999999874
5144.519999998743
4939.199999998929
4745.279999999106
5072.639999998807
5115.239999998764
5107.9199999987695
5118.599999998762
5127.839999998754
5062.679999998813
5124.119999998757
4717.199999999126
5125.199999998756
5155.439999998722
5029.679999998834
5039.159999998826
4922.039999998929
5009.1599999988475
5055.839999998801
5116.919999998746
5103.83999999876
5118.959999998743
5109.119999998752
4889.399999998953
5174.039999998698
5120.519999998744
4888.0799999989595
5093.63999999877
5100.9599999987595
4860.839999998976
5110.19999999875
5161.199999998705
5070.359999998786
5159.639999998707
4921.9199999989205
4891.439999998946
4694.639999999127
4608.599999999205
5008.199999998841
5110.7999999987505
4981.43999999887
4532.159999999278
4761.839999999071
4775.2799999990575
4701.4799999991255
5090.999999998773
5069.75999999879
4759.799999999072
4953.959999998891
4931.7599999989125
4736.279999999094
4886.159999998955
4677.5999999991445
4876.199999998965
4941.839999998905
5024.999999998828
4638.599999999177
4797.959999999032
4899.71999999894
4870.559999998966
4879.079999998958
4899.359999998939
4883.039999998955
4858.919999998976
4675.7999999991425
4965.839999998879
4477.43999999932
4803.959999999022
4833.119999998995
4703.639999999113
4960.199999998881
4892.879999998943
4739.279999999083
4711.919999999111
4716.839999999108
4727.039999999098
4741.079999999085
4765.079999999063
4878.719999998962
4741.91999999909
4745.879999999081
4745.399999999079
4665.479999999149
4774.679999999051
4785.839999999041
4663.799999999151
4608.1199999991995
4650.8399999991625
4767.599999999056
4727.639999999093
4566.1199999992405
4663.079999999152
4631.759999999182
4791.599999999037
4463.639999999337
4645.91999999917
4585.7999999992235
4789.67999999904
4448.639999999349
4621.559999999194
4443.119999999356
4721.279999999103
4633.7999999991835
4715.9999999991105
4879.079999998963
4623.359999999193
4718.999999999105
4768.799999999061
4652.639999999166
4684.079999999138
4641.719999999178
4719.239999999107
4801.079999999032
4715.999999999108
4747.799999999078
4827.119999999007
4777.919999999051
4805.759999999024
4680.119999999138
4710.719999999113
4704.239999999118
4742.7599999990825
4748.2799999990775
4745.39999999908
4696.199999999126
4676.399999999145
4596.239999999217
4738.199999999088
4643.039999999173
4549.439999999257
4609.439999999206
4623.599999999191
4725.8399999991
4657.9199999991615
4572.719999999239
4376.159999999417
4708.319999999116
4761.839999999068
4649.039999999169
4677.239999999142
4415.879999999378
4623.239999999188
4726.079999999094
4689.599999999127
4613.519999999197
4396.319999999395
4674.239999999143
4633.55999999918
4618.919999999195
4779.959999999048
4774.799999999051
4719.2399999991
4680.119999999137
4664.99999999915
4708.559999999109
4596.839999999212
4492.799999999307
4721.519999999097
4554.959999999251
4556.999999999247
4722.719999999095
4717.439999999099
4727.519999999091
4632.119999999179
4572.239999999235
4619.519999999192
4634.639999999179
4711.799999999108
4765.319999999063
4443.359999999354
4588.319999999225
4450.799999999348
4659.239999999158
4719.959999999103
4724.879999999098
4680.959999999137
4701.959999999118
4660.439999999156
4633.559999999181
4490.759999999311
4722.1199999990995
4600.55999999921
4486.9199999993125
4612.559999999198
4491.119999999305
4487.399999999311
4453.559999999341
4682.759999999132
4586.039999999217
4631.519999999177
4705.67999999911
4493.159999999304
4493.279999999303
4604.519999999205
4722.3599999990965
4455.359999999339
4625.879999999183
4484.159999999312
4609.799999999196
4489.919999999305
4608.359999999197
4499.399999999296
4628.27999999918
4679.999999999135
4673.519999999142
4624.559999999188
4618.559999999192
4612.679999999198
4619.039999999193
4502.999999999297
4430.639999999364
4511.279999999289
4513.919999999286
4452.119999999341
4561.43999999924
4657.199999999155
4679.039999999133
4565.639999999238
4600.679999999204
4568.759999999233
4561.559999999244
4562.519999999242
4633.679999999175
4723.679999999094
4629.83999999918
4565.759999999237
4711.439999999103
4714.679999999103
4513.319999999285
4622.7599999991835
4521.119999999277
4530.599999999269
4642.919999999164
4516.799999999282
4643.8799999991625
4693.439999999118
4645.079999999161
4666.55999999914
4669.799999999142
4654.559999999156
4654.559999999155
4565.159999999239
4551.95999999925
4523.639999999274
4553.999999999248
4611.839999999193
4656.119999999157
4542.599999999259
4468.799999999325
4549.679999999254
4467.479999999327
4428.599999999365
4566.599999999236
4644.359999999167
4592.159999999217
4559.879999999245
4580.879999999225
4621.679999999189
4573.439999999231
4578.3599999992275
4577.519999999228
4431.719999999361
4631.519999999179
4659.719999999153
4603.199999999203
4689.599999999124
4553.75999999925
4610.159999999199
4647.839999999165
4589.759999999215
4685.519999999125
4651.199999999156
4438.199999999349
4594.4399999992065
4653.839999999155
4441.799999999345
4477.439999999313
4476.359999999313
4559.759999999238
4474.4399999993175
4650.359999999159
4611.719999999193
4598.519999999204
4598.999999999203
4528.319999999268
4523.279999999272
4470.719999999324
4409.51999999938
4560.719999999243
4559.159999999246
4479.719999999316
4482.119999999314
4488.719999999308
4556.879999999245
4558.439999999244
4620.359999999187
4622.879999999185
4558.319999999244
4654.319999999157
4544.879999999256
4545.359999999256
4540.319999999261
4622.639999999188
4356.95999999943
4575.359999999229
4523.759999999274
4517.519999999284
4522.799999999279
4520.0399999992815
4609.7999999992
4572.359999999233
4610.879999999197
4570.7999999992335
4436.759999999354
4545.959999999253
4585.439999999214
4334.399999999444
4607.279999999194
4597.439999999206
4597.439999999205
4600.199999999201
4601.519999999201
4617.359999999185
4616.879999999183
4534.919999999257
4604.039999999193
4572.479999999221
4547.639999999243
4567.5599999992255
4527.35999999926
4473.479999999308
4399.799999999375
4590.9599999992015
4560.959999999228
4562.399999999228
4629.239999999168
4621.559999999176
4545.959999999245
4636.079999999165
4568.999999999226
4634.039999999166
4621.919999999179
4384.799999999392
4384.9199999993925
4588.079999999208
4615.679999999184
4584.959999999213
4586.639999999214
4585.6799999992145
4617.359999999185
4613.639999999192
4402.079999999388
4387.7999999994
4541.639999999257
4626.839999999181
4626.359999999182
4401.359999999387
4478.639999999318
4539.839999999261
4589.039999999221
4562.039999999244
4588.079999999221
4419.119999999374
4418.0399999993715
4544.999999999257
4423.079999999369
4588.919999999218
4598.999999999208
4551.9599999992515
4548.479999999255
4576.199999999229
4588.079999999217
4512.839999999289
4583.7599999992235
4578.83999999923
4581.239999999228
4568.15999999924
4511.759999999291
4485.359999999312
4564.199999999241
4532.639999999274
4485.959999999314
4487.87999999931
4569.119999999235
4507.19999999929
4379.039999999408
4504.319999999293
4566.719999999235
4567.559999999234
4567.079999999233
4567.439999999234
4566.479999999233
4535.999999999261
4566.959999999233
4587.719999999213
4451.279999999336
4418.159999999365
4479.1199999993105
4562.759999999235
4487.639999999302
4559.759999999233
4559.159999999236
4459.199999999328
4567.439999999228
4450.559999999332
4558.439999999235
4494.359999999294
4455.11999999933
4454.99999999933
4557.479999999235
4558.439999999235
4557.839999999235
4521.95999999927
4556.879999999237
4556.879999999238
4560.239999999235
4555.319999999238
4555.799999999239
4511.639999999279
4476.599999999313
4487.159999999305
4379.639999999403
4510.6799999992845
4549.799999999249
4514.0399999992815
4469.519999999322
4548.719999999248
4473.959999999318
4513.319999999283
4489.079999999308
4531.199999999268
4490.039999999304
4482.119999999311
4548.839999999251
4488.7199999993045
4538.999999999256
4486.559999999308
4487.639999999306
4537.799999999257
4492.079999999301
4489.559999999304
4489.079999999302
4532.639999999265
4489.559999999302
4539.479999999255
4509.359999999282
4538.519999999253
4490.999999999299
4550.039999999244
4553.999999999241
4476.359999999311
4474.919999999311
4518.239999999272
4522.079999999267
4524.359999999262
4520.279999999265
4519.079999999265
4502.27999999928
4536.359999999252
4503.239999999281
4546.679999999242
4518.479999999268
4549.319999999242
4491.239999999293
4490.6399999992955
4546.199999999243
4536.359999999253
4471.439999999314
4471.439999999314
4470.959999999315
4502.639999999285
4438.559999999342
4438.559999999343
4510.559999999274
4510.199999999276
4510.319999999271
4421.879999999352
4503.719999999277
4510.9199999992725
4511.519999999274
4504.199999999281
4462.319999999319
4462.799999999319
4493.87999999929
4495.799999999287
4431.479999999345
4499.159999999284
4454.279999999326
4431.3599999993485
4431.359999999351
4452.719999999333
4495.679999999294
4454.279999999334
4495.439999999297
4497.8399999992935
4497.959999999294
4492.0799999993005
4437.119999999349
4496.399999999295
4519.5599999992755
4438.079999999351
4439.159999999352
4466.159999999326
4497.479999999298
4460.75999999933
4439.759999999351
4497.839999999296
4497.8399999992935
4441.199999999343
4511.519999999278
4498.79999999929
4498.31999999929
4497.359999999289
4469.159999999315
4423.439999999357
4423.439999999355
4422.959999999356
4495.7999999992935
4495.799999999294
4495.799999999297
4495.3199999992985
4462.439999999325
4510.799999999281
4495.319999999295
4347.59999999943
4494.839999999295
4494.839999999294
4426.679999999361
4502.159999999292
4517.3999999992775
4426.43999999936
4504.319999999289
4425.23999999936
4492.439999999299
4426.4399999993575
4483.5599999993065
4483.079999999305
4481.999999999306
4481.639999999307
4423.5599999993565
4423.199999999359
4481.5199999993065
4423.5599999993565
4423.559999999356
4423.439999999356
4481.159999999302
4484.9999999993
4483.439999999302
4484.0399999993
4483.5599999993
4482.4799999993
4483.439999999301
4481.039999999303
4352.639999999418
4352.759999999418
4478.519999999305
4502.159999999284
4411.919999999368
4442.879999999339
4493.879999999294
4482.359999999306
4479.479999999307
4479.35999999931
4351.199999999426
4478.75999999931
4489.319999999302
4491.359999999298
4488.839999999299
4491.839999999297
4491.239999999299
4488.119999999302
4488.719999999303
4487.159999999303
4485.7199999993045
4486.199999999303
4468.55999999932
4484.759999999304
4459.319999999326
4385.639999999392
4461.359999999322
4485.119999999302
4459.799999999323
4457.399999999327
4486.559999999298
4368.599999999406
4461.71999999932
4383.599999999392
4418.999999999358
4459.79999999932
4460.27999999932
4415.759999999362
4417.7999999993635
4418.519999999362
4473.119999999312
4461.8399999993235
4474.919999999309
4486.919999999296
4418.759999999358
4439.999999999337
4414.559999999357
4439.999999999336
4479.839999999298
4462.439999999316
4501.91999999928
4475.399999999301
4474.439999999302
4474.439999999301
4474.4399999993
4474.439999999299
4441.439999999332
4439.879999999336
4440.959999999337
4445.519999999335
4440.479999999338
4445.639999999332
4415.999999999359
4437.959999999338
4415.519999999357
4430.879999999344
4419.479999999354
4439.519999999336
4451.879999999324
4438.559999999337
4430.879999999344
4430.279999999346
4430.159999999346
4431.479999999342
4407.359999999365
4414.559999999358
4429.919999999344
4445.639999999334
4417.43999999936
4430.039999999346
4444.919999999336
4444.559999999336
4414.559999999366
4413.719999999368
4413.599999999367
4412.759999999367
4407.239999999371
4407.2399999993695
4407.359999999367
4407.3599999993685
4405.43999999937
4405.319999999368
4429.799999999347
4422.839999999354
4429.079999999349
4428.119999999348
4405.079999999368
4427.639999999348
4404.119999999368
4434.119999999341
4423.679999999351
4351.919999999419
4408.679999999369
4421.759999999357
4427.159999999349
4449.239999999331
4428.599999999351
4415.039999999364
4415.039999999365
4414.559999999364
4427.639999999354
4421.279999999361
4412.519999999365
4412.999999999365
4412.519999999366
4429.199999999347
4410.599999999367
4428.719999999346
4428.119999999348
4410.119999999361
4422.719999999352
4401.11999999937
4401.1199999993705
4414.4399999993575
4421.639999999351
4402.079999999369
4401.119999999368
4401.599999999366
4405.559999999363
4429.079999999342
4402.5599999993665
4400.639999999368
4403.039999999368
4402.079999999368
4400.639999999369
4410.119999999359
4402.5599999993665
4409.759999999357
4400.999999999366
4442.159999999329
4442.1599999993305
4442.1599999993305
4408.079999999362
4408.199999999362
4408.199999999362
4440.119999999332
4429.319999999345
4426.319999999346
4427.27999999934
4426.319999999345
4405.559999999361
4404.599999999364
4406.63999999936
4429.799999999339
4404.119999999364
4403.999999999363
4403.519999999366
4403.519999999368
4406.279999999366
4412.27999999936
4396.0799999993715
4404.5999999993655
4408.199999999362
4403.999999999366
4398.11999999937
4397.039999999371
4401.599999999368
4407.959999999361
4401.11999999937
4399.679999999371
4414.679999999358
4414.679999999358
4398.599999999372
4410.599999999361
4409.9999999993615
4401.599999999366
4399.67999999937
4399.679999999371
4399.0799999993715
4399.079999999371
4399.079999999371
4399.0799999993715
4399.19999999937
4357.07999999941
4404.479999999367
4398.479999999372
4433.879999999341
4404.479999999367
4397.5199999993765
4404.479999999368
4404.4799999993675
4400.999999999373
4404.35999999937
4400.039999999377
4400.999999999377
4400.039999999378
4398.959999999376
4399.439999999376
4398.959999999375
4398.959999999375
4363.319999999408
4399.439999999373
4363.319999999404
4398.479999999371
4398.9599999993725
4363.799999999404
4405.919999999365
4398.959999999374
4367.039999999401
4367.039999999398
4367.039999999396
4363.319999999399
4365.839999999396
4364.999999999396
4415.03999999935
4415.03999999935
4415.039999999348
4365.479999999392
4414.919999999345
4363.919999999393
4365.479999999394
4364.999999999396
4365.479999999397
4365.479999999394
4412.279999999354
4412.279999999357
4365.9599999994
4411.799999999359
4410.719999999358
4366.319999999399
4392.479999999374
4365.839999999398
4365.8399999994
4365.839999999398
4384.199999999383
4383.839999999384
4383.719999999386
4383.8399999993835
4410.599999999358
4410.119999999358
4365.359999999396
4398.599999999368
4413.359999999358
4396.919999999369
4365.839999999395
4365.839999999396
4405.91999999936
4413.359999999354
4405.43999999936
4405.199999999358
4405.4399999993575
4399.559999999366
4405.43999999936
4412.759999999354
4412.759999999352
4399.799999999364
4412.279999999356
4405.439999999363
4412.279999999357
4404.959999999366
4404.959999999364
4404.959999999367
4404.959999999366
4404.359999999368
4410.599999999361
4367.999999999402
4367.519999999399
4383.119999999387
4367.5199999994
4367.519999999399
4405.799999999365
4413.359999999358
4367.879999999399
4400.999999999369
4367.879999999401
4402.559999999371
4401.47999999937
4401.599999999369
4401.479999999371
4400.039999999372
4400.0399999993715
4403.399999999368
4398.119999999372
4391.159999999378
4397.999999999372
4390.679999999374
4397.999999999368
4398.119999999367
4400.9999999993615
4395.599999999367
4390.559999999373
4390.559999999373
4395.599999999367
4396.559999999366
4400.99999999936
4397.039999999363
4392.119999999368
4392.119999999368
4397.519999999362
4386.839999999371
4397.0399999993615
4397.039999999363
4389.599999999373
4396.079999999366
4395.599999999366
4385.879999999374
4386.359999999375
4400.399999999361
4386.8399999993735
4386.359999999373
4386.839999999373
4386.359999999375
4386.359999999379
4386.119999999378
4394.51999999937
4393.079999999372
4395.959999999371
4396.439999999371
4388.759999999378
4397.879999999371
4397.879999999373
4397.399999999373
4388.159999999381
4387.679999999381
4390.079999999376
4390.079999999376
4389.599999999376
4395.95999999937
4388.999999999374
4387.559999999376
4387.439999999376
4344.239999999416
4344.239999999417
4386.959999999379
4386.959999999378
4343.759999999416
4343.7599999994145
4376.159999999385
4342.679999999415
4376.639999999382
4342.679999999414
4376.159999999379
4376.039999999381
4376.639999999382
4376.63999999938
4376.1599999993805
4385.399999999372
4385.39999999937
4375.079999999381
4385.879999999371
4344.599999999411
4344.119999999409
4360.559999999394
4375.199999999376
4375.679999999376
4373.63999999938
4373.1599999993805
4373.159999999381
4374.599999999376
4362.239999999391
4386.839999999368
4390.319999999364
4349.759999999402
4362.239999999389
4349.759999999401
4335.479999999413
4334.99999999941
4334.999999999408
4350.239999999396
4376.639999999371
4376.999999999368
4376.519999999371
4376.519999999371
4376.519999999372
4362.719999999386
4334.519999999414
4390.199999999366
4335.599999999416
4334.039999999418
4350.119999999403
4333.559999999422
4333.079999999418
4353.1199999994005
4353.1199999994
4352.639999999402
4391.159999999368
4363.679999999394
4353.119999999401
4353.119999999403
4363.199999999395
4384.319999999376
4352.039999999408
4352.159999999407
4352.039999999406
4353.119999999405
4329.2399999994295
4352.039999999409
4352.159999999408
4349.639999999413
4349.63999999941
4349.63999999941
4352.639999999409
4352.63999999941
4352.1599999994105
4350.599999999412
4350.599999999409
4350.11999999941
4351.079999999407
4350.599999999405
4351.679999999407
4351.199999999409
4350.719999999408
4351.079999999406
4350.599999999405
4350.599999999405
4351.199999999404
4350.599999999403
4350.479999999402
4347.119999999408
4349.999999999404
4350.119999999405
4350.119999999403
4350.599999999401
4350.119999999401
4350.119999999399
4350.719999999399
4350.1199999994
4350.119999999397
4340.159999999408
4340.159999999409
4340.15999999941
4340.279999999409
4340.279999999409
4354.079999999395
4333.319999999415
4333.319999999415
4350.719999999396
4350.719999999397
4350.719999999395
4333.799999999412
4333.799999999411
4350.239999999395
4333.319999999408
4332.959999999409
4332.959999999408
4333.319999999407
4332.8399999994035
4332.839999999407
4332.839999999409
4332.839999999407
4332.3599999994085
4332.839999999409
4331.879999999412
4331.879999999413
4332.359999999413
4332.359999999411
4331.879999999412
4331.879999999414
4332.359999999414
4331.879999999417
4332.8399999994135
4332.839999999416
4332.359999999419
4332.359999999423
4332.359999999422
4332.359999999423
4332.719999999425
4332.719999999426
4332.359999999428
4332.719999999425
4332.719999999426
4332.359999999428
4332.7199999994245
4332.719999999426
4332.719999999424
4332.719999999424
4360.679999999398
4332.839999999422
4332.839999999419
4335.959999999415
4332.839999999416
4335.959999999415
4333.319999999413
4333.319999999417
4333.3199999994185
4338.599999999412
4335.479999999417
4337.63999999941
4336.439999999413
4334.879999999414
4335.359999999414
4337.159999999412
4334.879999999413
4339.559999999408
4338.1199999994105
4337.159999999413
4336.919999999412
4337.639999999411
4336.9199999994125
4336.919999999412
4337.159999999414
4336.439999999415
4337.519999999415
4336.319999999415
4339.079999999412
4339.079999999414
4343.519999999408
4338.59999999941
4337.8799999994135
4337.879999999414
4337.879999999411
4337.879999999412
4337.87999999941
4337.639999999409
4344.479999999407
4333.319999999413
4333.799999999414
4333.319999999416
4333.319999999417
4339.919999999408
4334.279999999412
4334.279999999414
4334.279999999414
4334.279999999414
4339.439999999408
4334.27999999941
4334.279999999412
4334.279999999412
4334.279999999412
4333.79999999941
4340.879999999407
4340.3999999994085
4340.879999999408
4340.87999999941
4332.3599999994185
4332.359999999417
4333.319999999417
4333.3199999994185
4332.839999999418
4332.719999999417
4332.71999999942
4357.199999999396
4351.079999999401
4332.719999999416
4324.439999999426
4324.439999999426
4320.3599999994285
4320.3599999994285
4334.159999999419
4334.159999999418
4334.159999999417
4333.679999999417
4340.879999999413
4318.799999999432
4318.799999999431
4340.759999999412
4318.919999999431
4334.639999999417
4334.639999999417
4318.91999999943
4318.919999999428
4319.3999999994285
4319.3999999994285
4338.47999999941
4339.199999999407
4338.5999999994065
4319.159999999426
4319.159999999426
4318.199999999424
4341.599999999403
4341.599999999406
4341.119999999408
4300.079999999444
4341.119999999407
4341.119999999407
4340.639999999406
4340.639999999406
4327.679999999417
4339.199999999409
4319.759999999425
4319.279999999425
4319.279999999426
4341.599999999406
4339.19999999941
4341.5999999994065
4341.119999999405
4341.599999999405
4341.119999999406
4299.59999999944
4340.159999999404
4308.479999999433
4297.679999999446
4308.479999999434
4308.479999999435
4308.479999999436
4308.959999999432
4308.479999999432
4305.599999999434
4331.1599999994105
4331.159999999407
4331.159999999407
4305.599999999433
4305.479999999434
4333.079999999409
4309.91999999943
4309.919999999432
4309.43999999943
4309.919999999428
4310.39999999943
4309.919999999431
4309.439999999431
4309.439999999428
4309.919999999425
4309.919999999424
4309.4399999994275
4309.919999999426
4336.559999999404
4306.079999999432
4306.079999999431
4306.0799999994315
4306.079999999433
4306.079999999435
4306.079999999434
4305.5999999994365
4305.5999999994365
4305.599999999434
4296.599999999442
4296.599999999445
4306.559999999436
4305.599999999435
4305.599999999434
4305.599999999435
4296.599999999444
4296.5999999994465
4306.079999999436
4305.599999999439
4296.599999999446
4305.5999999994365
4305.59999999944
4308.959999999435
4330.079999999416
4332.959999999414
4332.479999999416
4332.479999999415
4332.479999999415
4334.999999999413
4324.319999999422
4311.359999999432
4310.879999999434
4310.879999999435
4310.879999999437
4310.879999999439
4311.359999999438
4311.3599999994385
4311.3599999994385
4311.359999999438
4310.879999999438
4320.839999999429
4311.3599999994385
4310.879999999438
4310.39999999944
4307.51999999944
4307.039999999439
4307.039999999439
4307.039999999437
4307.039999999437
4307.039999999436
4307.039999999433
4307.039999999435
4307.039999999435
4307.039999999435
4306.559999999432
4307.519999999432
4307.519999999433
4270.079999999467
4307.399999999431
4307.39999999943
4269.599999999464
4311.959999999423
4321.799999999419
4311.959999999427
4287.11999999945
4287.119999999451
4270.319999999467
4270.319999999468
4287.119999999451
4259.759999999475
4323.719999999415
4275.719999999461
4323.719999999416
4275.719999999458
4275.719999999457
4322.279999999413
4263.239999999468
4275.239999999458
4275.599999999457
4275.719999999457
4312.079999999424
4275.119999999458
4274.759999999458
4261.799999999471
4261.799999999467
4261.799999999469
4262.279999999468
4261.799999999465
4261.799999999467
4261.799999999468
4261.799999999469
4261.799999999471
4261.79999999947
4261.67999999947
4276.559999999456
4290.359999999445
4271.15999999946
4271.15999999946
4271.15999999946
4271.15999999946
4271.15999999946
4270.199999999461
4270.1999999994605
4256.159999999474
4256.159999999475
4256.039999999477
4256.039999999474
4256.159999999476
4256.159999999475
4256.039999999477
4256.039999999477
4305.23999999943
4256.519999999478
4299.479999999439
4276.19999999946
4275.599999999463
4275.599999999464
4275.599999999466
4275.5999999994665
4275.599999999466
4275.119999999466
4276.079999999465
4275.5999999994665
4275.119999999465
4275.119999999465
4274.639999999467
4274.639999999466
4274.639999999466
4275.119999999464
4274.639999999465
4275.119999999464
4274.639999999465
4280.399999999461
4277.399999999465
4279.43999999946
4267.079999999472
4275.719999999461
4267.079999999471
4266.599999999469
4266.599999999469
4267.079999999471
4266.599999999467
4266.599999999471
4266.599999999471
4266.47999999947
4266.119999999471
4266.1199999994715
4265.99999999947
4265.999999999469
4266.119999999471
4265.99999999947
4265.99999999947
4265.999999999468
4265.5199999994675
4265.039999999466
4265.039999999472
4265.039999999468
4265.039999999465
4265.039999999466
4265.039999999463
4264.919999999466
4264.559999999462
4264.5599999994665
4264.559999999465
4264.559999999467
4265.039999999464
4264.559999999464
4265.999999999464
4258.79999999947
4265.519999999467
4265.519999999464
4265.519999999466
4265.519999999467
4265.999999999464
4265.999999999468
4265.999999999465
4265.999999999465
4265.999999999465
4266.479999999461
4266.479999999463
4266.47999999946
4266.4799999994575
4266.479999999457
4266.479999999458
4266.959999999458
4270.799999999457
4267.439999999459
4266.9599999994625
4246.799999999478
4269.839999999458
4269.839999999459
4266.959999999463
4267.319999999463
4267.31999999946
4267.439999999459
4267.319999999461
4265.399999999464
4274.399999999457
4281.119999999449
4274.399999999454
4263.839999999465
4270.919999999459
4265.399999999462
4270.3199999994595
4263.839999999468
4263.839999999464
4263.839999999466
4270.439999999459
4260.719999999468
4260.839999999467
4260.839999999468
4261.199999999469
4261.3199999994695
4261.319999999468
4261.319999999468
4261.319999999472
4261.319999999471
4261.31999999947
4261.31999999947
4261.319999999471
4261.319999999474
4261.679999999471
4262.2799999994695
4261.679999999471
4261.319999999472
4261.799999999472
4261.799999999473
4261.799999999474
4248.359999999486
4248.719999999488
4261.199999999473
4253.639999999479
4248.359999999488
4248.359999999484
4248.719999999481
4248.839999999483
4248.359999999484
4248.239999999482
4248.71999999948
4248.719999999478
4249.319999999477
4248.719999999478
4248.719999999478
4248.719999999479
4248.599999999477
4248.959999999475
4249.559999999476
4248.599999999474
4248.599999999477
4248.7199999994755
4248.719999999476
4248.719999999475
4248.719999999476
4249.679999999476
4250.159999999478
4250.159999999476
4233.119999999491
4233.1199999994915
4257.719999999473
4257.719999999474
4257.719999999475
4257.719999999474
4252.679999999478
4252.199999999479
4257.359999999473
4252.19999999948
4257.239999999475
4248.95999999948
4257.239999999472
4249.31999999948
4249.3199999994795
4249.319999999479
4257.599999999468
4257.239999999471
4256.759999999473
4256.99999999947
4256.519999999472
4237.559999999492
4256.759999999477
4258.679999999475
4237.199999999492
4257.839999999475
4257.839999999475
4248.599999999483
4257.8399999994745
4257.839999999472
4233.359999999493
4233.35999999949
4257.839999999466
4250.99999999947
4250.999999999471
4250.999999999471
4250.999999999473
4250.51999999947
4250.519999999472
4250.519999999473
4250.519999999473
4250.519999999474
4250.519999999473
4250.399999999473
4250.399999999471
4250.399999999473
4250.399999999472
4250.399999999471
4250.399999999476
4249.919999999475
4249.919999999475
4249.9199999994735
4250.999999999473
4250.519999999472
4250.519999999471
4219.4399999995
4250.999999999467
4251.479999999469
4235.399999999485
4251.479999999469
4235.279999999484
4256.399999999465
4256.159999999464
4256.8799999994635
4233.959999999487
4233.839999999485
4233.359999999487
4244.5199999994775
4233.359999999489
4233.359999999489
4233.35999999949
4256.759999999469
4233.35999999949
4233.839999999492
4233.719999999491
4233.83999999949
4233.719999999491
4233.839999999491
4233.719999999491
4233.719999999491
4234.679999999489
4234.67999999949
4234.679999999492
4234.679999999493
4234.679999999488
4235.399999999489
4235.279999999491
4230.119999999496
4230.119999999493
4235.2799999994895
4235.279999999489
4235.279999999489
4234.679999999488
4234.679999999489
4234.679999999488
4234.319999999488
4234.319999999488
4235.1599999994905
4235.1599999994905
4235.2799999994895
4235.27999999949
4235.159999999488
4235.159999999486
4246.559999999478
4227.599999999495
4227.719999999496
4227.599999999494
4221.599999999499
4221.599999999502
4246.07999999948
4232.039999999496
4232.999999999495
4232.999999999495
4221.719999999505
4232.519999999496
4221.839999999506
4232.039999999495
4193.279999999528
4232.039999999493
4193.2799999995295
4193.639999999526
4193.639999999523
4232.519999999488
4193.639999999522
4193.639999999519
4193.63999999952
4193.63999999952
4218.119999999501
4235.519999999481
4218.119999999501
4218.119999999499
4218.479999999499
4224.719999999491
4202.0399999995125
4202.039999999514
4202.639999999514
4202.519999999512
4220.999999999496
4220.519999999497
4195.559999999521
4220.5199999994975
4220.9999999995
4188.119999999526
4220.039999999498
4220.519999999498
4220.519999999498
4204.079999999513
4204.079999999512
4204.079999999513
4204.079999999512
4204.199999999512
4204.079999999516
4204.679999999515
4204.679999999513
4220.519999999499
4221.479999999497
4224.719999999494
4224.7199999994955
4202.279999999515
4225.079999999495
4205.039999999513
4205.039999999515
4218.479999999503
4217.999999999503
4217.999999999503
4203.239999999517
4218.479999999501
4203.119999999516
4202.159999999516
4202.159999999515
4204.199999999517
4204.199999999514
4203.359999999516
4203.959999999514
4204.079999999516
4203.959999999517
4204.079999999518
4203.4799999995175
4204.079999999516
4203.599999999517
4203.479999999516
4203.7199999995155
4203.599999999513
4203.599999999514
4203.599999999514
4204.079999999507
4203.5999999995065
4203.599999999511
4203.599999999512
4204.079999999512
4213.319999999502
4212.839999999503
4219.559999999496
4215.239999999502
4205.039999999508
4177.559999999534
4213.799999999501
4206.719999999505
4177.799999999531
4213.319999999498
4204.079999999504
4178.39999999953
4178.87999999953
4204.5599999995065
4208.399999999502
4204.919999999507
4179.479999999528
4203.959999999509
4198.919999999515
4198.919999999517
4198.919999999517
4198.919999999518
4202.039999999518
4202.039999999518
4196.399999999524
4196.279999999525
4196.8799999995235
4202.6399999995165
4203.11999999952
4197.719999999522
4197.839999999524
4203.119999999516
4199.639999999521
4193.039999999527
4198.199999999523
4198.079999999523
4198.199999999521
4198.679999999524
4198.199999999523
4198.199999999524
4198.199999999524
4197.719999999523
4186.199999999533
4180.799999999537
4180.319999999534
4180.799999999534
4180.799999999533
4179.839999999533
4180.319999999531
4180.319999999532
4147.559999999562
4147.559999999564
4180.439999999534
4180.439999999531
4174.919999999535
4174.079999999534
4173.599999999535
4180.43999999953
4175.399999999536
4174.199999999537
4174.9199999995335
4172.759999999538
4148.99999999956
4172.2799999995395
4174.679999999539
4172.75999999954
4184.75999999953
4170.119999999546
4170.599999999544
4170.239999999546
4169.759999999547
4176.47999999954
4170.239999999545
4175.999999999538
4162.799999999547
4162.799999999549
4162.799999999547
4149.959999999559
4149.959999999559
4175.519999999534
4189.439999999519
4169.519999999537
4169.999999999536
4169.519999999537
4161.359999999543
4169.399999999535
4169.399999999537
4164.239999999543
4159.3199999995495
4162.799999999546
4163.399999999546
4163.399999999547
4162.91999999955
4162.4399999995485
4163.519999999549
4150.67999999956
4163.39999999955
4151.039999999561
4151.519999999559
4151.3999999995585
4151.519999999559
4138.919999999572
4138.919999999571
4162.919999999548
4158.959999999553
4152.9599999995535
4139.399999999568
4139.399999999568
4139.399999999568
4138.3199999995695
4107.2399999996
4106.5199999996
4138.43999999957
4138.439999999573
4135.319999999579
4135.319999999578
4135.439999999578
4102.679999999607
4114.439999999596
4136.399999999572
4113.479999999594
4113.47999999959
4137.8399999995645
4102.0799999996
4116.599999999586
4116.119999999588
4138.199999999568
4132.799999999573
4132.679999999575
4124.639999999581
4113.1199999995915
4133.759999999572
4123.43999999958
4117.439999999584
4113.359999999591
4113.959999999589
4114.559999999586
4115.759999999584
4076.759999999602
4114.199999999585
4116.719999999585
4093.559999999603
4116.839999999585
4093.5599999996057
4092.599999999606
4092.719999999605
4092.8399999996027
4114.319999999589
4051.199999999605
4116.7199999995855
4115.279999999588
4087.4399999996053
4088.8799999996045
4088.879999999604
4084.319999999605
4088.879999999604
4077.719999999604
4078.3199999996036
4065.7199999996074
4081.679999999607
4082.2799999996073
4082.1599999996083
4033.5599999996098
4034.1599999996083
4085.159999999606
4084.919999999606
4075.799999999606
4075.7999999996046
4072.6799999996065
4072.6799999996074
4040.8799999996036
4084.7999999996055
4056.479999999605
4052.8799999996063
4064.399999999603
4062.2399999996032
4061.759999999606
4073.159999999607
4048.319999999604
4048.3199999996054
4073.5199999996016
4059.5999999996
4043.879999999599
4003.3199999995986
4003.799999999597
3995.5199999995993
3994.9199999996
3993.8399999996
4001.1599999995997
4005.9599999996
4005.479999999602
4005.959999999603
4003.4399999996035
4007.399999999603
3977.9999999996053
4004.7599999996055
4014.839999999605
3994.439999999608
4017.959999999605
4015.0799999996066
3983.879999999607
4016.9999999996066
3986.759999999606
3993.479999999607
3964.3199999996073
3989.879999999608
3992.7599999996078
3917.759999999607
3974.3999999996054
3981.599999999604
3997.6799999996033
3986.039999999604
3836.8799999996104
3967.7999999996027
3959.8799999996063
3931.679999999605
3986.999999999606
3957.7199999996087
3985.079999999606
3881.759999999611
3957.3599999996063
3920.279999999608
3987.479999999607
3949.0799999996057
3879.959999999609
3949.319999999605
3841.3199999996114
3831.83999999961
3908.759999999608
3908.759999999606
3830.9999999996094
3822.719999999608
3824.0399999996084
3869.6399999996047
3875.5199999996053
3815.7599999996105
3903.599999999605
3914.2799999996046
3869.2799999996046
3836.399999999608
3806.51999999961
3875.879999999607
3846.239999999611
3789.1199999996147
3852.119999999615
3869.279999999612
3904.079999999613
3859.919999999613
3770.6399999996197
3761.39999999962
3790.4399999996185
3773.0399999996202
3764.5199999996207
3800.7599999996182
3815.1599999996192
3748.7999999996246
3767.63999999962
3601.4399999996303
3817.439999999619
3723.3599999996245
3691.4399999996253
3788.3999999996176
3718.679999999622
3757.799999999621
3694.439999999624
3713.1599999996174
3762.4799999996158
3704.5199999996235
3700.55999999962
3730.79999999962
3737.2799999996196
3733.6799999996165
3718.799999999618
3767.759999999616
3695.7599999996196
3686.7599999996187
3713.1599999996174
3784.439999999614
3742.3199999996173
3720.479999999616
3706.319999999617
3786.9599999996126
3764.8799999996168
3770.399999999616
3727.0799999996166
3693.839999999616
3706.9199999996163
3689.9999999996194
3717.2399999996187
3573.839999999627
3688.6799999996197
3603.1199999996256
3580.559999999627
3517.0799999996334
3578.0399999996284
3709.4399999996217
3607.3199999996264
3643.4399999996244
3513.959999999634
3671.039999999622
3661.4399999996226
3562.799999999632
3505.679999999636
3564.719999999633
3552.4799999996317
3589.19999999963
3592.7999999996305
3540.2399999996337
3634.5599999996307
3563.9999999996335
3485.3999999996377
3675.599999999626
3590.3999999996327
3599.2799999996328
3565.199999999635
3533.519999999637
3430.5599999996416
3571.439999999632
3562.1999999996315
3416.039999999639
3543.839999999633
3559.4399999996313
3599.639999999628
3467.8799999996386
3573.839999999631
3639.9599999996285
3513.839999999634
3509.8799999996354
3577.3199999996323
3476.759999999637
3600.119999999631
3539.3999999996345
3386.399999999646
3447.599999999641
3482.5199999996385
3596.1599999996333
3570.7199999996333
3571.9199999996317
3465.599999999641
3503.759999999634
3494.999999999633
3557.0399999996316
3535.559999999627
3414.119999999636
3528.3599999996286
3499.55999999963
3299.9999999996435
3488.039999999632
3518.9999999996307
3448.079999999634
3500.5199999996303
3539.0399999996303
3560.2799999996264
3546.7199999996296
3504.239999999632
3513.4799999996303
3570.4799999996285
3471.239999999637
3437.03999999964
3508.1999999996347
3560.5199999996335
3419.1599999996433
3425.8799999996413
3490.7999999996387
3481.67999999964
3527.7599999996387
3425.6399999996465
3533.7599999996405
3493.0799999996448
3420.839999999645
3566.3999999996367
3495.5999999996448
3462.8399999996464
3436.439999999648
3422.8799999996463
3525.359999999643
3530.039999999643
3500.6399999996447
3315.959999999655
3496.439999999645
3312.239999999653
3316.679999999652
3316.9199999996513
3304.319999999652
3388.079999999651
3396.719999999649
3374.039999999651
3298.9199999996545
3299.0399999996525
3349.3199999996496
3405.9599999996462
3365.8799999996486
3442.5599999996457
3431.1599999996456
3369.1199999996484
3481.6799999996438
3410.759999999649
3429.5999999996475
3418.7999999996487
3470.159999999645
3486.9599999996453
3479.8799999996427
3379.6799999996488
3414.479999999647
3393.3599999996477
3480.239999999642
3426.359999999643
3418.0799999996466
3421.799999999644
3390.239999999648
3487.0799999996434
3459.4799999996453
3458.8799999996454
3492.359999999643
3452.159999999647
3468.359999999649
3544.0799999996457
3285.719999999658
3293.7599999996596
3294.2399999996583
3442.6799999996515
3351.7199999996524
3383.759999999651
3473.75999999965
3414.5999999996507
3391.439999999652
3396.959999999651
3423.719999999646
3389.3999999996504
3439.5599999996484
3331.6799999996497
3322.7999999996514
3399.2399999996487
3398.99999999965
3366.9599999996494
3373.9199999996467
3396.119999999646
3378.959999999645
3463.5599999996457
3380.2799999996446
3310.6799999996515
3381.2399999996474
3344.9999999996453
3356.999999999649
3357.839999999649
3359.39999999965
3412.439999999646
3451.1999999996438
3330.2399999996505
3370.799999999647
3332.8799999996495
3363.2399999996483
3386.039999999648
3352.799999999649
3380.639999999648
3363.359999999648
3371.279999999648
3289.4399999996517
3363.9599999996467
3372.719999999647
3435.1199999996443
3432.7199999996415
3449.8799999996427
3474.83999999964
3143.159999999658
3354.2399999996433
3383.8799999996404
3291.5999999996448
3369.839999999642
3270.3599999996472
3448.1999999996397
3290.8799999996468
3178.7999999996546
3336.2399999996455
3309.4799999996503
3423.119999999644
3419.519999999645
3369.599999999645
3382.919999999645
3343.6799999996465
3420.7199999996405
3347.639999999645
3304.0799999996498
3346.3199999996477
3346.3199999996477
3428.8799999996445
3368.759999999647
3326.999999999652
3419.3999999996454
3404.5199999996457
3337.319999999651
3413.0399999996484
3351.4799999996503
3395.0399999996484
3344.5199999996516
3370.3199999996477
3351.47999999965
3348.959999999649
3283.9199999996526
3223.9199999996586
3339.7199999996546
3356.879999999649
3397.19999999965
3384.59999999965
3383.2799999996478
3388.079999999646
3376.0799999996493
3312.599999999654
3390.7199999996474
3367.799999999648
3385.4399999996426
3311.399999999652
3251.399999999656
3324.119999999652
3360.3599999996477
3383.759999999647
3353.27999999965
3268.199999999651
3385.559999999647
3354.35999999965
3359.039999999649
3211.4399999996576
3254.999999999655
3349.9199999996513
3227.3999999996563
3255.239999999656
3283.199999999656
3354.8399999996527
3254.0399999996575
3265.3199999996555
3365.6399999996474
3298.799999999649
3208.679999999655
3354.839999999648
3415.919999999644
3338.8799999996513
3267.8399999996554
3341.5199999996526
3339.4799999996526
3375.599999999652
3343.3199999996536
3291.9599999996562
3296.399999999654
3338.999999999652
3397.3199999996477
3408.359999999647
3385.5599999996493
3398.7599999996473
3408.839999999644
3395.999999999646
3267.4799999996526
3319.6799999996506
3362.9999999996485
3388.6799999996465
3388.439999999645
3363.959999999646
3362.519999999645
3325.4399999996467
3312.8399999996464
3339.959999999646
3359.8799999996454
3383.999999999645
3321.119999999646
3380.879999999642
3370.319999999641
3360.3599999996404
3328.5599999996443
3329.759999999643
3328.3199999996436
3328.9199999996413
3316.799999999643
3246.719999999645
3322.559999999641
3364.3199999996395
3306.119999999643
3368.39999999964
3326.6399999996415
3351.5999999996397
3347.639999999641
3260.2799999996464
3126.479999999652
3242.879999999647
3346.199999999639
3338.9999999996407
3334.3199999996414
3234.1199999996456
3343.6799999996415
3359.6399999996465
3347.759999999642
3300.8399999996477
3372.719999999643
3304.6799999996474
3321.9599999996485
3349.4399999996467
3345.959999999645
3346.559999999646
3304.1999999996506
3344.6399999996484
3334.91999999965
3315.959999999654
3363.9599999996494
3342.4799999996508
3319.199999999652
3351.9599999996494
3352.9199999996504
3333.1199999996543
3279.3599999996554
3333.479999999652
3278.2799999996564
3348.959999999654
3326.1599999996547
3281.879999999657
3347.039999999652
3315.4799999996535
3344.1599999996524
3343.5599999996543
3294.839999999654
3324.9599999996553
3214.319999999656
3345.2399999996505
3279.2399999996514
3304.319999999649
3303.5999999996557
3299.2799999996537
3309.5999999996516
3347.039999999651
3335.5199999996503
3338.879999999649
3302.7599999996496
3303.9599999996467
3298.4399999996467
3346.0799999996443
3346.5599999996434
3307.5599999996425
3315.5999999996448
3351.359999999644
3348.719999999641
3267.119999999644
3340.9199999996413
3317.6399999996406
3317.8799999996418
3285.719999999641
3347.2799999996387
3300.47999999964
3358.1999999996347
3315.1199999996365
3334.559999999638
3314.639999999638
3313.5599999996393
3300.3599999996386
3317.159999999638
3318.239999999638
3291.359999999639
3359.399999999637
3282.3599999996413
3337.439999999641
3352.559999999639
3362.519999999639
3310.7999999996405
3309.239999999644
3328.679999999644
3313.7999999996455
3295.4399999996454
3313.919999999647
3269.999999999648
3299.279999999647
3308.39999999965
3275.6399999996497
3244.439999999655
3270.7199999996515
3314.0399999996507
3273.3599999996536
3307.199999999653
3294.4799999996544
3258.4799999996553
3295.9199999996545
3259.199999999652
3258.1199999996516
3290.159999999649
3268.679999999653
3304.319999999651
3318.47999999965
3315.3599999996495
3297.599999999652
3315.5999999996516
3305.519999999649
3309.35999999965
3312.719999999649
3314.159999999646
3304.799999999646
3277.1999999996474
3222.5999999996484
3234.8399999996486
3301.1999999996447
3234.4799999996476
3284.039999999646
3303.8399999996445
3308.039999999644
3310.0799999996434
3305.6399999996434
3304.079999999643
3304.7999999996428
3302.399999999643
3285.119999999643
3316.9199999996436
3310.199999999643
3238.7999999996437
3306.719999999641
3273.3599999996404
3308.15999999964
3241.1999999996447
3311.399999999642
3309.959999999641
3251.6399999996406
3263.3999999996445
3275.7599999996414
3276.839999999643
3303.479999999644
3303.1199999996425
3333.7199999996405
3319.679999999642
3242.759999999646
3311.8799999996418
3317.399999999639
3316.9199999996404
3212.8799999996463
3313.319999999642
3319.439999999642
3322.3199999996423
3297.239999999647
3248.6399999996484
3297.2399999996474
3276.599999999648
3314.639999999648
3281.759999999647
3288.5999999996484
3314.039999999645
3270.239999999648
3281.519999999649
3290.03999999965
3272.8799999996504
3272.279999999652
3321.2399999996524
3276.1199999996525
3271.439999999651
3192.959999999655
3318.359999999648
3270.35999999965
3272.9999999996503
3272.279999999649
3271.9199999996486
3333.8399999996477
3260.3999999996504
3259.199999999651
3272.39999999965
3286.799999999652
3282.47999999965
3258.9599999996512
3193.7999999996546
3289.1999999996488
3255.959999999649
3258.4799999996494
3287.519999999644
3258.5999999996484
3230.2799999996464
3270.4799999996435
3270.959999999643
3287.15999999964
3287.51999999964
3287.039999999641
3272.519999999643
3300.959999999639
3236.3999999996418
3279.2399999996387
3308.399999999637
3282.239999999639
3242.999999999643
3241.199999999643
3282.2399999996387
3282.2399999996396
3298.4399999996385
3249.359999999642
3275.99999999964
3287.279999999641
3277.199999999642
3248.5199999996444
3262.559999999645
3279.2399999996433
3276.719999999644
3301.6799999996433
3278.8799999996436
3278.8799999996463
3276.719999999645
3284.879999999647
3276.599999999646
3283.9199999996463
3275.7599999996473
3275.759999999646
3300.359999999645
3254.8799999996468
3281.399999999645
3276.5999999996443
3278.759999999645
3303.599999999642
3256.6799999996438
3330.35999999964
3258.959999999642
3276.9599999996462
3321.7199999996433
3288.959999999645
3306.4799999996426
3293.399999999645
3271.7999999996487
3297.719999999645
3293.639999999648
3258.719999999648
3320.759999999645
3258.47999999965
3258.479999999649
3259.9199999996486
3267.7199999996474
3271.5599999996475
3270.5999999996448
3270.1199999996443
3257.759999999645
3319.6799999996415
3256.319999999645
3256.1999999996456
3202.4399999996517
3261.1199999996475
3287.7599999996455
3256.5599999996507
3256.4399999996504
3262.919999999649
3289.5599999996452
3241.6799999996483
3193.079999999649
3179.5199999996516
3260.879999999645
3101.639999999653
3257.2799999996464
3261.359999999645
3305.519999999643
3286.1999999996456
3262.1999999996483
3305.999999999645
3261.119999999647
3270.9599999996467
3270.9599999996444
3290.879999999644
3233.5199999996453
3252.7199999996424
3274.079999999641
3290.9999999996394
3255.3599999996386
3273.7199999996383
3288.359999999638
3275.5199999996366
3296.399999999635
3246.959999999636
3260.759999999635
3259.0799999996357
3258.7199999996346
3267.4799999996326
3259.079999999634
3238.559999999636
3259.799999999636
3259.919999999635
3238.079999999636
3238.0799999996348
3238.1999999996333
3236.999999999634
3239.879999999637
3236.759999999636
3242.1599999996356
3217.5599999996366
3241.3199999996355
3249.959999999636
3250.559999999638
3236.999999999637
3289.319999999634
3302.279999999635
3217.55999999964
3251.99999999964
3251.8799999996386
3251.9999999996394
3247.439999999641
3250.3199999996395
3251.9999999996394
3251.3999999996395
3272.6399999996383
3250.9199999996385
3223.439999999641
3265.079999999639
3265.5599999996375
3271.679999999638
3186.119999999645
3251.3999999996418
3260.159999999642
3246.5999999996416
3259.5599999996425
3260.039999999642
3269.1599999996433
3180.1199999996484
3267.599999999642
3268.07999999964
3270.1199999996406
3259.439999999642
3243.719999999641
3231.1199999996456
3230.6399999996434
3260.999999999643
3183.8399999996464
3096.7199999996506
3250.0799999996448
3235.7999999996464
3235.7999999996478
3194.5199999996494
3271.0799999996457
3247.0799999996466
3260.5199999996457
3235.919999999649
3259.679999999648
3261.359999999644
3187.5599999996507
3225.2399999996455
3262.799999999643
3186.119999999648
3186.119999999649
3185.75999999965
3245.399999999646
3245.879999999646
3233.87999999965
3266.039999999648
3210.1199999996525
3210.119999999651
3090.719999999653
3090.119999999653
3225.719999999649
3260.039999999645
3188.3999999996504
3187.919999999649
3225.2399999996464
3252.959999999643
3225.239999999644
3227.639999999644
3224.879999999641
3252.4799999996408
3246.5999999996416
3246.5999999996407
3258.5999999996384
3258.4799999996358
3175.3199999996436
3174.839999999642
3246.1199999996375
3256.4399999996367
3257.039999999632
3224.1599999996342
3244.559999999634
3243.359999999636
3174.4799999996367
3243.7199999996365
3184.319999999639
3243.2399999996373
3223.3199999996386
3243.599999999638
3243.719999999639
3223.799999999638
3219.1199999996365
3221.399999999638
3240.4799999996358
3247.799999999633
3218.7599999996346
3240.4799999996344
3247.799999999635
3182.8799999996386
3182.399999999638
3240.719999999633
3219.5999999996334
3183.4799999996344
3244.1999999996315
3236.5199999996335
3242.9999999996303
3182.6399999996324
3185.9999999996326
3181.9199999996326
3181.5599999996334
3234.1199999996306
3183.7199999996315
3183.2399999996337
3182.7599999996355
3182.2799999996364
3243.119999999634
3170.7599999996382
3204.35999999964
3183.719999999637
3184.7999999996387
3185.279999999638
3178.319999999636
3183.8399999996354
3184.319999999635
3183.8399999996363
3182.879999999638
3182.879999999637
3183.3599999996386
3182.8799999996386
3241.799999999638
3182.39999999964
3181.3199999996427
3188.5199999996444
3188.519999999643
3181.319999999645
3181.3199999996455
3181.319999999645
3180.8399999996473
3225.9599999996444
3180.3599999996454
3224.2799999996464
3181.7999999996478
3230.039999999647
3243.359999999646
3240.3599999996463
3183.7199999996465
3183.239999999648
3180.8399999996477
3215.279999999645
3172.6799999996488
3240.3599999996463
3246.479999999644
3172.7999999996473
3172.9199999996476
3228.9599999996467
3245.1599999996447
3185.399999999648
3237.4799999996444
3226.439999999645
3231.2399999996433
3181.3199999996446
3237.8399999996395
3179.639999999645
3181.679999999644
3173.5199999996435
3224.9999999996426
3181.0799999996434
3179.639999999641
3232.559999999641
3173.039999999641
3179.159999999642
3179.6399999996406
3178.67999999964
3178.6799999996388
3224.3999999996386
3234.1199999996375
3179.1599999996383
3198.7199999996374
3232.6799999996365
3178.199999999637
3218.2799999996373
3230.039999999633
3218.2799999996346
3203.0399999996343
3230.3999999996317
3217.7999999996323
3220.3199999996323
3202.5599999996316
3201.479999999632
3228.479999999632
3200.9999999996303
3200.9999999996317
3170.3999999996336
3187.4399999996317
3161.6399999996347
3161.1599999996347
3214.079999999629
3232.0799999996316
3218.8799999996313
3231.1199999996325
3230.6399999996333
3225.8399999996354
3230.9999999996376
3218.8799999996377
3225.7199999996383
3219.239999999639
3217.9199999996376
3204.7199999996387
3204.2399999996396
3227.9999999996353
3217.319999999637
3225.359999999636
3198.359999999636
3195.719999999638
3207.599999999637
3209.159999999638
3223.079999999639
3199.319999999641
3197.2799999996414
3194.1599999996397
3200.2799999996387
3194.1599999996406
3211.0799999996398
3193.5599999996375
3193.559999999636
3193.1999999996383
3195.95999999964
3218.999999999638
3195.9599999996394
3197.3999999996367
3164.1599999996383
3196.9199999996395
3197.39999999964
3197.879999999642
3194.9999999996417
3195.4799999996408
3192.959999999641
3196.4399999996394
3192.8399999996413
3194.5199999996416
3199.3199999996423
3192.239999999642
3199.319999999642
3192.1199999996406
3198.839999999641
3195.3599999996427
3195.3599999996445
3200.1599999996442
3194.8799999996427
3194.8799999996413
3195.8399999996386
3214.799999999641
3201.239999999641
3194.3999999996436
3200.7599999996405
3199.1999999996406
3199.19999999964
3162.5999999996407
3198.71999999964
3198.7199999996365
3198.719999999637
3197.7599999996346
3198.7199999996333
3197.7599999996337
3197.7599999996346
3197.7599999996332
3188.0399999996316
3188.0399999996303
3199.1999999996297
3202.3199999996286
3188.279999999628
3202.319999999628
3188.0399999996284
3150.119999999629
3169.5599999996302
3169.5599999996293
3187.7999999996296
3169.1999999996287
3187.919999999628
3188.039999999629
3196.19999999963
3188.399999999631
3196.3199999996286
3189.479999999628
3189.47999999963
3196.3199999996295
3196.3199999996314
3196.3199999996327
3196.3199999996273
3166.5599999996316
3196.3199999996295
3167.519999999634
3167.039999999637
3201.2399999996333
3202.799999999632
3202.319999999632
3201.839999999631
3199.6799999996288
3201.5999999996316
3199.19999999963
3198.71999999963
3199.679999999631
3201.1199999996315
3201.11999999963
3200.1599999996297
3198.599999999631
3156.9599999996317
3200.519999999631
3200.51999999963
3199.5599999996343
3157.1999999996365
3198.119999999631
3156.5999999996375
3200.5199999996335
3178.7999999996373
3169.1999999996387
3169.1999999996406
3169.1999999996415
3169.199999999641
3158.5199999996353
3178.319999999635
3169.1999999996387
3168.719999999636
3187.9199999996326
3168.719999999634
3168.719999999633
3169.1999999996337
3148.9199999996335
3168.7199999996337
3181.679999999636
3193.199999999631
3164.759999999633
3181.199999999637
3200.0399999996357
3163.799999999637
3143.7599999996373
3174.3599999996386
3143.2799999996387
3143.2799999996396
3199.0799999996366
3173.879999999637
3173.9999999996385
3198.5999999996366
3173.159999999637
3173.3999999996354
3173.279999999637
3198.9599999996344
3198.4799999996344
3198.479999999635
3198.9599999996335
3163.6799999996365
3163.6799999996356
3163.6799999996338
3198.479999999632
3164.1599999996347
3163.679999999632
3198.9599999996312
3198.9599999996303
3198.959999999629
3198.9599999996294
3194.6399999996283
3181.319999999625
3181.9199999996263
3181.199999999627
3181.319999999626
3184.4399999996244
3177.9599999996267
3184.5599999996266
3198.5999999996266
3163.1999999996287
3162.7199999996296
3162.7199999996296
3178.0799999996307
3177.4799999996344
3162.2399999996305
3177.4799999996326
3181.1999999996315
3162.119999999633
3177.4799999996326
3177.4799999996303
3177.47999999963
3177.4799999996276
3176.9999999996294
3176.9999999996294
3194.5199999996257
3176.9999999996257
3176.9999999996244
3173.9999999996257
3177.1199999996256
3178.5599999996252
3180.5999999996266
3162.8399999996286
3162.8399999996273
3173.9999999996276
3162.839999999628
3179.639999999627
3180.5999999996247
3180.599999999624
3173.9999999996244
3173.9999999996203
3173.9999999996194
3173.99999999962
3179.159999999621
3177.59999999962
3173.5199999996216
3173.999999999623
3172.3199999996214
3173.759999999621
3171.8399999996223
3172.319999999622
3172.7999999996223
3172.1999999996265
3173.279999999626
3173.159999999625
3173.279999999627
3173.159999999629
3176.999999999627
3173.1599999996306
3159.959999999634
3172.5599999996334
3172.3199999996314
3172.6799999996333
3152.639999999635
3172.559999999636
3172.5599999996366
3152.639999999634
3152.6399999996356
3172.559999999635
3172.5599999996357
3161.0399999996353
3161.0399999996357
3161.039999999637
3173.1599999996347
3172.439999999637
3172.559999999637
3171.4799999996358
3170.999999999637
3170.5199999996344
3171.4799999996353
3159.4799999996353
3159.479999999634
3159.479999999632
3170.5199999996344
3159.4799999996344
3153.839999999634
3158.9999999996335
3159.4799999996344
3158.9999999996335
3153.3599999996336
3152.399999999634
3158.999999999634
3158.9999999996344
3156.479999999632
3158.9999999996307
3156.47999999963
3155.75999999963
3156.4799999996308
3169.319999999632
3157.919999999631
3158.039999999632
3158.039999999631
3156.3599999996313
3158.0399999996307
3162.599999999631
3158.0399999996284
3157.5599999996266
3157.079999999626
3155.9999999996285
3155.999999999628
3155.8799999996286
3139.6799999996283
3139.559999999627
3155.5199999996266
3159.4799999996258
3155.519999999623
3159.4799999996253
3155.0399999996243
3155.039999999624
3158.879999999623
3155.039999999624
3154.9199999996213
3154.9199999996217
3155.0399999996207
3156.959999999625
3154.919999999623
3155.0399999996257
3155.039999999624
3155.039999999628
3155.5199999996253
3154.5599999996284
3154.4399999996263
3154.4399999996267
3154.559999999626
3154.9199999996267
3158.8799999996263
3154.3199999996286
3154.4399999996244
3158.399999999628
3154.799999999626
3154.7999999996246
3158.3999999996263
3158.279999999629
3158.27999999963
3158.2799999996305
3158.279999999631
3158.2799999996328
3158.2799999996314
3157.7999999996327
3158.2799999996305
3158.2799999996323
3158.279999999632
3157.7999999996323
3157.7999999996337
3157.799999999632
3157.799999999632
3157.7999999996327
3147.1199999996325
3157.7999999996314
3157.7999999996323
3147.119999999632
3157.799999999629
3146.5199999996294
3146.51999999963
3157.6799999996283
3157.6799999996288
3157.679999999627
3146.5199999996275
3157.1999999996287
3157.199999999631
3157.1999999996283
3157.1999999996283
3148.1999999996283
3157.199999999628
3157.199999999628
3157.199999999627
3157.1999999996256
3157.199999999626
3147.8399999996277
3160.679999999627
3160.6799999996283
3149.039999999629
3149.039999999627
3148.4399999996267
3148.9199999996267
3159.599999999628
3148.319999999627
3143.6399999996274
3158.6399999996265
3158.639999999627
3158.1599999996247
3158.6399999996265
3142.199999999626
3158.1599999996242
3158.1599999996247
3143.519999999625
3143.1599999996265
3143.1599999996292
3143.039999999629
3158.1599999996297
3143.159999999629
3142.679999999631
3141.959999999632
3141.599999999632
3141.599999999632
3141.9599999996303
3121.7999999996305
3141.5999999996316
3141.9599999996303
3142.67999999963
3141.95999999963
3142.079999999631
3142.07999999963
3142.07999999963
3142.07999999963
3142.079999999629
3142.0799999996307
3126.119999999628
3126.1199999996275
3126.119999999627
3125.7599999996282
3125.759999999628
3125.75999999963
3125.7599999996296
3150.5999999996297
3150.5999999996284
3150.119999999629
3150.119999999631
3150.59999999963
3150.5999999996325
3141.839999999631
3150.599999999632
3150.59999999963
3151.079999999631
3150.59999999963
3151.0799999996307
3150.1199999996284
3150.1199999996256
3150.119999999626
3150.599999999627
3137.519999999625
3139.079999999626
3147.599999999625
3147.1199999996247
3137.519999999625
3147.599999999626
3147.2399999996273
3147.2399999996283
3147.239999999627
3147.1199999996284
3146.9999999996244
3146.999999999622
3146.999999999624
3146.999999999622
3146.9999999996194
3136.6799999996224
3136.5599999996257
3147.2399999996233
3147.2399999996255
3137.0399999996243
3128.3999999996236
3136.9199999996235
3144.9599999996226
3137.279999999625
3148.7999999996223
3148.799999999623
3144.3599999996254
3144.4799999996258
3148.319999999625
3144.959999999625
3140.5199999996253
3144.9599999996244
3140.5199999996253
3140.519999999626
3144.359999999627
3144.3599999996263
3144.959999999625
3129.839999999627
3129.3599999996272
3129.8399999996263
3144.3599999996254
3129.3599999996254
3135.959999999627
3129.359999999625
3129.359999999625
3129.3599999996277
3135.9599999996294
3135.9599999996276
3135.479999999628
3135.959999999629
3135.95999999963
3143.0399999996284
3138.359999999629
3137.8799999996277
3137.8799999996295
3138.479999999631
3142.91999999963
3142.9199999996304
3134.999999999627
3137.519999999629
3137.51999999963
3137.519999999629
3134.99999999963
3137.51999999963
3139.919999999631
3134.879999999629
3139.4399999996303
3139.5599999996293
3139.079999999631
3139.079999999629
3139.0799999996248
3139.0799999996248
3139.0799999996248
3139.0799999996257
3134.879999999625
3143.2799999996264
3142.6799999996265
3134.879999999629
3139.0799999996284
3134.87999999963
3142.1999999996283
3142.319999999627
3142.199999999628
3142.0799999996275
3135.239999999628
3134.8799999996254
3139.5599999996293
3139.0799999996293
3139.0799999996307
3139.079999999631
3141.599999999631
3139.0799999996307
3139.079999999628
3140.6399999996324
3140.6399999996315
3140.639999999628
3140.639999999627
3140.159999999626
3140.7599999996246
3140.759999999624
3140.159999999624
3140.1599999996224
3140.2799999996214
3125.999999999621
3125.519999999621
3125.5199999996194
3125.5199999996184
3139.7999999996164
3139.799999999617
3136.5599999996152
3139.7999999996155
3139.7999999996173
3128.639999999619
3126.1199999996215
3126.1199999996215
3128.7599999996214
3125.999999999622
3125.99999999962
3126.119999999623
3126.1199999996225
3126.1199999996256
3126.1199999996243
3138.839999999623
3138.8399999996254
3138.839999999625
3138.839999999625
3125.759999999625
3125.759999999627
3110.0399999996243
3110.519999999627
3110.0399999996257
3110.039999999627
3110.0399999996266
3110.039999999625
3129.239999999625
3129.3599999996213
3103.439999999624
3103.439999999626
3103.4399999996226
3103.4399999996235
3103.4399999996253
3103.559999999623
3124.7999999996255
3103.559999999625
3124.7999999996227
3124.7999999996246
3112.0799999996243
3124.7999999996255
3111.4799999996253
3111.4799999996226
3111.4799999996244
3111.4799999996276
3111.479999999623
3111.3599999996245
3111.359999999623
3111.3599999996222
3111.359999999624
3111.359999999623
3123.3599999996227
3123.3599999996245
3123.839999999624
3123.359999999627
3110.8799999996268
3110.8799999996277
3123.3599999996263
3123.359999999625
3123.479999999626
3122.879999999629
3122.9999999996285
3124.079999999628
3123.479999999629
3124.079999999627
3110.399999999627
3124.0799999996266
3123.599999999627
3112.5599999996293
3112.5599999996284
3112.559999999629
3112.5599999996275
3112.5599999996293
3122.399999999628
3122.6399999996297
3122.5199999996294
3122.039999999629
3122.6399999996315
3122.519999999634
3122.5199999996325
3121.9199999996326
3122.519999999631
3122.639999999629
3122.6399999996315
3122.6399999996333
3122.5199999996316
3122.51999999963
3121.9199999996276
3122.5199999996244
3119.1599999996247
3108.5999999996247
3115.3199999996255
3108.4799999996258
3108.479999999624
3108.479999999623
3111.359999999624
3110.879999999621
3110.399999999623
3110.399999999621
3110.399999999621
3110.399999999621
3110.3999999996195
3109.919999999621
3110.0399999996193
3110.03999999962
3109.5599999996207
3109.55999999962
3109.0799999996166
3109.0799999996184
3109.1999999996183
3109.1999999996206
3109.1999999996206
3109.559999999616
3109.6799999996197
3109.0799999996207
3109.6799999996188
3109.6799999996188
3109.679999999619
3109.6799999996215
3109.679999999621
3109.679999999622
3109.7999999996214
3109.679999999623
3109.6799999996188
3109.7999999996214
3109.7999999996196
3109.6799999996174
3109.7999999996186
3109.679999999617
3109.6799999996165
3103.9199999996185
3109.679999999616
3109.7999999996155
3102.3599999996186
3102.3599999996195
3102.479999999617
3102.4799999996176
3102.3599999996177
3102.479999999618
3102.4799999996203
3102.4799999996203
3103.0799999996225
3103.559999999622
3102.599999999622
3105.479999999621
3105.59999999962
3102.4799999996217
3102.119999999621
3102.119999999621
3102.479999999622
3109.1999999996215
3108.719999999623
3108.719999999622
3108.7199999996233
3108.7199999996237
3108.7199999996215
3108.7199999996205
3108.7199999996196
3108.71999999962
3108.7199999996205
3108.7199999996196
3108.7199999996215
3105.35999999962
3108.719999999621
3108.7199999996215
3108.7199999996205
3108.239999999621
3108.2399999996223
3108.719999999623
3108.2399999996233
3108.239999999623
3108.239999999621
3108.239999999622
3108.2399999996233
3108.2399999996214
3102.5999999996225
3105.5999999996243
3105.5999999996216
3108.23999999962
3108.2399999996233
3105.119999999625
3105.1199999996247
3107.879999999624
3104.999999999624
3104.999999999622
3104.999999999622
3102.59999999962
3104.9999999996203
3102.599999999618
3102.599999999618
3102.599999999617
3102.5999999996175
3102.599999999622
3102.119999999622
3102.1199999996193
3102.119999999621
3101.9999999996203
3101.999999999619
3101.9999999996203
3101.8799999996218
3101.999999999623
3101.879999999625
3101.879999999626
3101.3999999996245
3097.9199999996267
3101.3999999996267
3101.399999999627
3101.2799999996287
3101.279999999629
3101.2799999996287
3101.2799999996278
3101.5199999996307
3101.2799999996305
3101.6399999996297
3100.0799999996284
3100.079999999632
3100.0799999996343
3100.0799999996316
3100.0799999996316
3100.079999999631
3100.0799999996293
3100.0799999996266
3100.079999999626
3100.079999999627
3099.5999999996234
3099.9599999996244
3099.599999999624
3099.1199999996234
3099.4799999996217
3099.11999999962
3099.1199999996206
3099.4799999996203
3099.47999999962
3099.7199999996183
3099.59999999962
3099.5999999996175
3099.959999999617
3099.599999999617
3099.9599999996162
3099.5999999996184
3099.719999999617
3099.4799999996176
3098.159999999619
3098.399999999618
3098.3999999996195
3098.519999999621
3098.5199999996203
3096.7199999996215
3097.199999999622
3096.719999999623
3097.0799999996193
3096.719999999622
3097.0799999996184
3084.4799999996217
3084.4799999996208
3084.479999999621
3084.4799999996208
3097.0799999996207
3097.1999999996215
3097.199999999621
3097.199999999619
3097.1999999996196
3097.19999999962
3097.5599999996216
3097.4399999996217
3097.199999999624
3096.719999999623
3097.0799999996225
3097.1999999996224
3097.0799999996225
3075.4799999996235
3062.159999999622
3075.4799999996217
3090.11999999962
3090.119999999621
3090.119999999622
3071.879999999621
3071.999999999619
3071.9999999996185
3072.2399999996187
3071.75999999962
3071.8799999996177
3071.2799999996178
3071.2799999996187
3071.639999999616
3071.639999999616
3071.519999999614
3079.1999999996115
3079.1999999996146
3079.0799999996143
3071.999999999614
3071.9999999996135
3071.9999999996135
3071.999999999612
3071.999999999613
3071.519999999614
3071.9999999996107
3071.9999999996103
3071.5199999996103
3071.5199999996107
3071.5199999996107
3071.5199999996125
3071.5199999996125
3071.5199999996144
3071.519999999614
3071.5199999996144
3070.0799999996166
3070.079999999616
3070.079999999617
3069.599999999615
3069.599999999614
3069.5999999996134
3069.5999999996125
3069.599999999615
3069.5999999996175
3069.5999999996156
3069.5999999996175
3069.599999999617
3063.599999999615
3069.1199999996143
3068.99999999962
3069.599999999617
3068.999999999618
3069.5999999996184
3071.0399999996184
3074.5199999996207
3073.5599999996202
3074.039999999618
3073.55999999962
3073.5599999996225
3072.1199999996206
3071.9999999996207
3072.1199999996206
3071.879999999621
3071.99999999962
3071.999999999621
3071.999999999623
3050.999999999623
3071.0399999996234
3070.9199999996204
3070.439999999621
3070.4399999996176
3069.9599999996203
3069.9599999996176
3069.9599999996185
3064.919999999617
3069.4799999996158
3069.4799999996158
3068.879999999622
3068.9999999996176
3069.3599999996236
3068.8799999996236
3065.279999999625
3054.3599999996222
3067.4399999996235
3066.479999999625
3046.6799999996256
3066.839999999623
3066.8399999996227
3047.159999999622
3047.1599999996224
3047.5199999996207
3046.9199999996194
3057.4799999996185
3046.559999999618
3046.5599999996175
3056.8799999996168
3057.839999999616
3051.1199999996197
3050.9999999996194
3046.55999999962
3054.8399999996195
3050.87999999962
3050.2799999996155
3050.879999999616
3050.5199999996175
3046.3199999996186
3050.2799999996187
3046.4399999996185
3046.3199999996164
3045.3599999996227
3047.6399999996243
3044.1599999996233
3058.0799999996225
3052.919999999622
3052.919999999622
3057.5999999996257
3051.8399999996254
3051.959999999626
3061.6799999996238
3052.5599999996234
3034.3199999996255
3033.8399999996245
3049.1999999996233
3034.199999999625
3044.879999999624
3031.0799999996225
3031.079999999622
3014.9999999996194
3035.639999999619
3031.0799999996193
3013.9199999996204
3035.9999999996203
3035.519999999622
3035.039999999624
3037.4399999996217
3036.959999999622
3044.7599999996214
3044.519999999621
3043.9199999996226
3037.919999999623
3037.91999999962
3037.4399999996213
3033.7199999996233
3033.599999999624
3023.7599999996196
3033.59999999962
3033.7199999996183
3007.5599999996152
3022.199999999616
3020.279999999614
3021.1199999996156
3020.639999999614
3031.439999999612
3023.639999999612
3025.4399999996103
3022.6799999996124
3024.95999999961
3022.799999999609
3022.799999999608
3023.7599999996073
3024.7199999996074
3021.35999999961
3020.399999999608
3023.759999999611
3023.279999999612
3020.3999999996104
3003.9599999996135
3025.1999999996124
3024.8399999996145
3019.3199999996173
3018.839999999614
3018.8399999996154
3018.959999999618
3018.4799999996194
3018.3599999996186
3018.359999999618
3006.3599999996195
3017.759999999619
3017.7599999996182
3017.7599999996205
3017.7599999996182
3018.2399999996182
3011.0399999996166
3007.4399999996185
3017.8799999996168
3008.999999999619
2982.4799999996208
2982.839999999621
2982.8399999996213
2982.959999999621
2999.2799999996205
3004.0799999996207
2983.679999999621
2983.439999999623
2997.3599999996195
2982.959999999623
2996.5199999996194
2994.479999999619
2984.399999999622
2983.9199999996213
2993.99999999962
2993.6399999996197
2985.839999999622
2985.839999999623
2985.959999999623
2976.5999999996225
2976.599999999622
2976.599999999622
2976.359999999622
2976.359999999622
2976.719999999622
2974.079999999621
2988.1199999996215
2974.559999999626
2978.7599999996237
2975.879999999626
2975.879999999627
2975.6399999996283
2976.7199999996265
2975.5199999996285
2923.6799999996288
2975.6399999996283
2946.359999999629
2973.9599999996276
2949.3599999996263
2974.799999999629
2968.799999999629
2916.5999999996307
2958.839999999628
2953.5599999996275
2949.9599999996285
2949.4799999996285
2972.2799999996278
2923.0799999996293
2949.959999999628
2949.7199999996287
2933.5199999996294
2919.239999999631
2917.9199999996313
2930.3999999996295
2912.39999999963
2916.2399999996283
2910.8399999996286
2909.87999999963
2911.919999999631
2931.5999999996284
2920.079999999629
2933.039999999632
2910.8399999996327
2944.7999999996305
2924.5199999996316
2921.9999999996294
2921.5199999996294
2907.2399999996355
2915.399999999632
2914.319999999636
2913.9599999996326
2913.47999999963
2859.2399999996333
2861.279999999636
2861.8799999996327
2867.519999999632
2904.1199999996293
2909.039999999628
2903.3999999996277
2867.279999999632
2891.7599999996273
2813.999999999631
2875.079999999626
2875.0799999996243
2842.559999999628
2855.0399999996257
2854.4399999996276
2855.159999999627
2839.919999999628
2839.3199999996255
2871.7199999996255
2833.7999999996296
2840.2799999996264
2806.199999999629
2834.039999999626
2834.999999999625
2836.199999999625
2793.1199999996297
2769.239999999631
2818.5599999996252
2830.439999999622
2821.679999999622
2819.2799999996223
2778.2399999996287
2822.759999999624
2702.7599999996387
2738.0399999996353
2776.1999999996315
2780.6399999996293
2765.759999999629
2636.999999999643
2778.5999999996284
2704.6799999996347
2803.4399999996244
2805.359999999632
2707.3199999996395
2752.3199999996355
2761.439999999631
2644.7999999996478
2765.279999999632
2756.6399999996315
2796.599999999628
2746.319999999633
2742.479999999633
2726.639999999635
2728.0799999996366
2701.559999999642
2751.9599999996353
2793.9599999996335
2799.719999999632
2681.8799999996454
2747.99999999964
2621.9999999996576
2644.1999999996547
2698.0799999996507
2696.6399999996497
2751.4799999996458
2760.5999999996448
2684.3999999996563
2726.99999999965
2673.2399999996564
2747.0399999996484
2671.5599999996584
2692.0799999996557
2588.8799999996663
2710.919999999648
2614.5599999996602
2692.439999999651
2720.9999999996476
2756.1599999996447
2680.559999999651
2729.7599999996464
2634.5999999996593
2676.719999999655
2710.559999999652
2619.239999999661
2650.5599999996593
2724.839999999651
2733.3599999996495
2711.5199999996494
2708.8799999996495
2714.399999999648
2729.7599999996487
2692.7999999996546
2651.5199999996585
2575.439999999668
2536.7999999996705
2735.8799999996468
2720.639999999649
2601.959999999662
2559.3599999996645
2604.35999999966
2652.2399999996537
2666.519999999652
2720.8799999996445
2631.5999999996557
2735.7599999996455
2626.679999999658
2643.2399999996546
2646.8399999996554
2673.3599999996522
2608.679999999658
2659.0799999996516
2657.9999999996526
2637.959999999653
2520.5999999996666
2630.5199999996544
2350.679999999693
2645.1599999996506
2663.99999999965
2501.519999999669
2508.719999999668
2576.279999999659
2557.559999999661
2389.7999999996846
2494.3199999996696
2625.599999999655
2543.039999999665
2635.799999999653
2548.4399999996645
2588.159999999658
2654.9999999996476
2559.9599999996612
2651.519999999651
2652.11999999965
2559.2399999996614
2487.4799999996694
2616.5999999996534
2459.8799999996763
2527.439999999667
2454.9599999996813
2487.119999999678
2654.2799999996555
2479.7999999996764
2554.919999999665
2472.359999999676
2478.1199999996743
2521.6799999996665
2571.839999999661
2578.6799999996606
2593.55999999966
2618.2799999996582
2575.5599999996634
2557.0799999996657
2561.3999999996636
2584.799999999661
2538.599999999668
2588.3999999996613
2479.6799999996774
2504.639999999671
2558.1599999996647
2469.7199999996774
2540.2799999996655
2469.7199999996787
2412.1199999996866
2448.479999999684
2593.1999999996638
2549.1599999996724
2547.8399999996695
2452.199999999685
2588.8799999996636
2520.3599999996727
2463.599999999683
2462.039999999682
2594.8799999996627
2453.7599999996846
2599.5599999996653
2570.2799999996687
2596.7999999996678
2457.7199999996915
2535.1199999996784
2490.1199999996875
2603.039999999671
2511.359999999686
2472.959999999691
2454.3599999996954
2511.9599999996876
2524.799999999686
2474.6399999996947
2534.0399999996853
2532.359999999685
2545.679999999687
2551.199999999684
2538.9599999996876
2514.1199999996907
2450.2799999996996
2595.8399999996814
2474.6399999996993
2585.7599999996833
2577.9599999996844
2593.4399999996826
2477.5199999997003
2507.999999999694
2450.519999999702
2453.0399999997003
2371.199999999711
2502.239999999692
2454.5999999997
2397.719999999706
2551.3199999996864
2575.919999999683
2444.159999999701
2528.999999999692
2540.27999999969
2525.75999999969
2577.3599999996864
2524.4399999996936
2482.5599999996957
2541.1199999996907
2582.879999999684
2523.47999999969
2487.1199999996966
2507.879999999692
2495.399999999696
2492.0399999996944
2535.1199999996916
2522.159999999694
2532.719999999693
2544.599999999691
2447.1599999997034
2518.679999999693
2529.1199999996934
2570.2799999996882
2534.999999999691
2459.9999999997017
2492.999999999698
2545.199999999692
2456.3999999997013
2478.5999999996993
2544.2399999996906
2540.0399999996926
2535.599999999692
2464.679999999699
2490.8399999996973
2457.2399999996996
2495.3999999996954
2507.999999999693
2505.4799999996926
2479.319999999697
2455.6799999996983
