588.0240000000147
586.3320000000147
585.8400000000147
577.7040000000152
569.9040000000152
562.6200000000156
555.3480000000161
533.6280000000183
542.0160000000177
533.0040000000183
516.1440000000187
508.8960000000185
489.02400000001774
462.1920000000167
479.8200000000174
423.54000000001525
444.80400000001606
425.7240000000153
405.0600000000145
385.2360000000137
399.49200000001423
370.3560000000131
324.5760000000114
303.2280000000105
277.9560000000096
241.77600000000822
275.8200000000095
275.20800000000946
295.5480000000103
276.94800000000953
241.72800000000825
275.0640000000095
274.9560000000095
269.3040000000093
260.46000000000896
245.41200000000842
244.18800000000832
231.58800000000784
242.11200000000827
152.16000000000486
157.3320000000051
163.48800000000534
193.09200000000644
191.94000000000642
219.4680000000075
155.62800000000507
124.52400000000391
157.54800000000515
134.02800000000423
141.3000000000045
128.85600000000406
138.55200000000445
168.43200000000553
173.64000000000576
148.2000000000048
151.46400000000492
173.32800000000572
146.05200000000468
106.8000000000032
127.41600000000395
152.32800000000486
170.31600000000557
150.75600000000486
155.70000000000508
147.62400000000474
162.6000000000053
178.92000000000596
167.7240000000055
126.69600000000396
161.3760000000053
167.4120000000055
168.92400000000552
152.25600000000492
169.08000000000555
203.62800000000686
212.36400000000722
179.59200000000598
204.43200000000692
219.7800000000075
207.50400000000704
201.2400000000068
180.55200000000602
196.46400000000662
201.96000000000686
186.51600000000627
202.23600000000687
185.6520000000062
191.14800000000642
172.0440000000057
183.73200000000614
188.56800000000632
194.06400000000656
210.15600000000714
207.38400000000703
209.91600000000713
201.55200000000684
202.20000000000687
203.60400000000695
212.01600000000724
203.4960000000069
216.52800000000735
212.8680000000072
216.9120000000074
219.6480000000075
214.41600000000733
210.61200000000719
210.7560000000072
194.1240000000066
206.17200000000705
176.07600000000588
175.36800000000585
199.05600000000675
206.96400000000705
201.85200000000683
176.74800000000587
190.15200000000638
201.27600000000683
209.71200000000715
214.28400000000732
216.99600000000746
196.7520000000067
195.22800000000666
209.5440000000072
192.15600000000651
203.25600000000694
171.46800000000573
188.8800000000064
209.5680000000072
212.4600000000073
194.18400000000662
193.21200000000655
207.6120000000071
196.28400000000664
193.75200000000655
194.9880000000066
201.86400000000688
203.95200000000696
208.02000000000712
200.28000000000682
191.3880000000065
202.68000000000694
203.964000000007
172.77600000000578
195.97200000000666
211.41600000000722
200.62800000000684
201.30000000000686
190.06800000000644
200.53200000000683
191.4120000000065
200.47200000000683
201.06000000000682
200.3160000000068
205.800000000007
193.45200000000654
206.72400000000704
207.08400000000702
198.0960000000067
197.83200000000667
206.80800000000704
208.6560000000071
192.60000000000653
204.07200000000694
192.69600000000653
198.60000000000676
203.64000000000695
202.44000000000688
197.22000000000668
202.60800000000688
188.68800000000638
196.00800000000666
190.78800000000646
206.35200000000702
201.79200000000685
191.32800000000645
198.80400000000674
203.1000000000069
193.65600000000654
192.7320000000065
193.50000000000657
183.0960000000062
197.26800000000674
183.16800000000617
185.89200000000625
186.44400000000627
170.65200000000567
187.87200000000635
199.7160000000068
194.85600000000662
194.1000000000066
193.47600000000656
190.75200000000646
199.21200000000675
190.92000000000644
190.2000000000064
188.20800000000634
192.3240000000065
192.4800000000065
191.86800000000648
189.6120000000064
190.76400000000643
190.93200000000644
196.83600000000666
203.5440000000069
195.9480000000066
202.78800000000692
202.0440000000069
198.94800000000677
192.26400000000652
198.97200000000674
200.83200000000681
200.40000000000677
201.03600000000685
187.24800000000633
186.3000000000063
185.29200000000628
174.20400000000586
185.6640000000063
186.60000000000633
192.01200000000654
184.3320000000062
187.96800000000636
192.88800000000654
185.97600000000625
185.16000000000625
187.41600000000633
187.5480000000063
199.75200000000675
192.25200000000646
192.7080000000065
191.7360000000065
184.54800000000625
185.9520000000063
183.94800000000623
194.4240000000066
181.72800000000612
196.53600000000668
185.86800000000628
186.07200000000628
186.2160000000063
195.54000000000661
186.08400000000626
186.10800000000623
187.71600000000632
189.88800000000637
194.74800000000656
194.88000000000656
188.98800000000634
189.38400000000635
185.83200000000625
184.14000000000615
186.67200000000625
188.2200000000063
179.988000000006
188.71200000000636
188.31600000000637
186.57600000000627
175.62000000000586
185.74800000000627
178.308000000006
185.72400000000627
191.98800000000648
184.05600000000618
186.3840000000063
177.74400000000597
184.1280000000062
183.9480000000062
168.5640000000056
184.16400000000615
186.80400000000628
189.80400000000643
175.71600000000592
185.8680000000063
183.0600000000062
177.996000000006
162.31200000000538
177.25200000000595
178.46400000000597
184.0200000000062
182.82000000000616
183.2760000000062
184.08000000000624
183.0360000000062
189.1200000000064
175.28400000000585
175.53600000000588
182.82000000000616
180.9000000000061
180.56400000000605
181.9560000000061
181.00800000000606
183.9120000000062
178.332000000006
172.84800000000578
174.61200000000585
168.0120000000056
174.50400000000585
170.25600000000568
180.03600000000603
183.02400000000614
181.58400000000606
181.64400000000606
183.32400000000612
183.64800000000614
173.52000000000575
173.82000000000576
181.83600000000607
176.40000000000586
168.8520000000056
181.86000000000607
176.18400000000585
176.26800000000586
186.52800000000624
174.97200000000583
180.00000000000603
179.688000000006
181.7160000000061
182.12400000000608
180.108000000006
180.44400000000604
173.40000000000575
176.56800000000587
176.74800000000587
171.9360000000057
176.22000000000585
177.4440000000059
176.0400000000059
174.31200000000584
175.8960000000059
175.9080000000059
175.2600000000059
169.30800000000565
175.18800000000587
173.65200000000584
175.5240000000059
174.02400000000583
171.37200000000573
174.08400000000583
175.48800000000585
180.91200000000606
180.74400000000605
175.47600000000585
171.6360000000057
171.49200000000573
172.88400000000578
166.93200000000556
165.97200000000552
170.06400000000565
175.34400000000585
175.92000000000587
172.74000000000578
175.62000000000586
175.28400000000585
176.29200000000586
174.5640000000058
175.24800000000582
173.42400000000575
164.2200000000054
164.4840000000054
175.77600000000587
175.65600000000583
164.16000000000545
164.05200000000545
170.28000000000569
166.48800000000554
173.0880000000058
171.16800000000572
170.3880000000057
173.01600000000576
170.05200000000562
166.40400000000548
170.95200000000565
173.9160000000058
168.1320000000056
164.71200000000547
165.6720000000055
171.0480000000057
168.33600000000558
168.30000000000558
163.53600000000537
160.7400000000053
168.8160000000056
159.37200000000522
163.4520000000054
168.93600000000558
168.76800000000557
159.67200000000523
169.53600000000563
168.54000000000556
163.68000000000538
170.66400000000567
171.33600000000567
170.83200000000565
169.3680000000056
170.36400000000563
169.7640000000056
168.9240000000056
170.42400000000563
167.50800000000552
166.8120000000055
160.11600000000524
164.73600000000542
160.88400000000527
163.5000000000054
170.88000000000565
170.25600000000568
162.36000000000536
171.4320000000057
165.78000000000551
162.4080000000054
162.18000000000538
162.3000000000054
164.05200000000548
164.10000000000548
162.44400000000545
163.82400000000547
162.60000000000542
160.02000000000533
162.8280000000054
163.0200000000054
158.73600000000525
158.42400000000524
161.59200000000536
155.4240000000051
158.70000000000522
161.77200000000533
158.79600000000522
163.1160000000054
160.1760000000053
160.00800000000527
159.8520000000053
160.11600000000527
160.51200000000526
160.82400000000527
160.83600000000527
158.23200000000517
159.12000000000518
159.5040000000052
157.1040000000051
162.3240000000053
158.9160000000052
158.92800000000517
164.8560000000054
154.98000000000505
158.16000000000517
161.98800000000531
158.36400000000518
158.65200000000516
158.37600000000518
158.49600000000515
155.8080000000051
159.0840000000052
158.9640000000052
159.60000000000525
160.1040000000053
157.6800000000052
158.07600000000522
157.5000000000052
159.36000000000527
159.75600000000532
154.8600000000051
158.73600000000525
153.264000000005
158.19600000000517
156.86400000000515
156.08400000000512
156.20400000000512
158.14800000000517
158.20800000000517
155.08800000000505
158.4360000000052
154.40400000000508
158.30400000000523
155.00400000000508
157.09200000000513
155.7960000000051
154.21200000000505
151.95600000000496
154.48800000000503
154.54800000000503
153.55200000000502
148.06800000000476
152.17200000000497
156.19200000000512
153.58800000000502
154.42800000000508
152.23200000000497
156.31200000000513
152.72400000000502
155.77200000000508
154.15200000000507
153.33600000000501
155.4360000000051
155.19600000000509
154.9440000000051
155.3160000000051
157.6320000000052
151.80000000000499
152.784000000005
152.928000000005
155.6640000000051
150.1200000000049
150.69600000000494
151.34400000000497
149.31600000000486
150.5880000000049
149.30400000000486
149.28000000000483
153.960000000005
149.12400000000483
149.46000000000484
150.22800000000487
149.35200000000486
149.64000000000487
149.5800000000049
149.7840000000049
147.7080000000048
146.79600000000474
147.8280000000048
147.6720000000048
149.00400000000482
147.26400000000476
144.90000000000467
151.54800000000492
147.48000000000474
145.44000000000466
148.20000000000476
147.6120000000047
148.9440000000048
146.2440000000047
145.54800000000466
148.62000000000478
148.42800000000477
148.93200000000476
140.83200000000448
148.48800000000477
146.34000000000472
146.31600000000472
147.09600000000475
142.94400000000456
147.9480000000048
147.8160000000048
146.8200000000048
143.25600000000466
145.69200000000473
146.28000000000475
146.14800000000474
144.44400000000468
145.51200000000472
146.0160000000047
137.97600000000443
140.41200000000453
143.80800000000468
144.22800000000467
142.9560000000046
142.6920000000046
140.17200000000454
142.3920000000046
142.7160000000046
141.8520000000046
143.40000000000464
139.5960000000045
138.50400000000442
139.57200000000446
139.48800000000446
138.60000000000446
139.74000000000447
141.26400000000453
139.95600000000448
138.43200000000442
137.9280000000044
139.66800000000444
137.18400000000437
136.35600000000434
138.54000000000443
135.99600000000436
137.8560000000044
138.54000000000443
136.93200000000436
135.80400000000432
136.59600000000435
136.66800000000433
135.08400000000427
134.59200000000428
130.64400000000413
133.50000000000423
130.76400000000413
130.70400000000416
132.60000000000423
130.0440000000041
126.88800000000398
130.95600000000414
123.64800000000385
128.10000000000403
126.30000000000396
130.88400000000414
128.9640000000041
127.11600000000404
128.72400000000408
124.56000000000392
121.8240000000038
121.34400000000379
120.55200000000374
119.77200000000373
121.18800000000375
123.03600000000385
115.51200000000355
116.08800000000359
116.77200000000362
119.43600000000372
118.08000000000366
116.6040000000036
116.30400000000361
108.15600000000327
112.41600000000345
116.64000000000361
112.74000000000348
112.69200000000347
112.60800000000346
114.76800000000355
108.3360000000033
105.54000000000319
102.20400000000306
108.25200000000328
101.49600000000304
105.64800000000317
106.7400000000032
100.80000000000298
97.84800000000287
98.98800000000291
100.416000000003
94.02000000000271
89.71200000000258
89.61600000000257
89.79600000000259
91.71600000000264
83.11200000000233
88.5960000000025
89.24400000000252
80.26800000000217
86.48400000000241
90.21600000000257
76.78800000000206
67.23600000000168
76.84800000000209
80.0280000000022
80.68800000000222
78.73200000000216
77.10000000000207
82.5240000000023
79.29600000000218
81.62400000000225
74.44800000000198
71.95200000000187
70.64400000000184
75.94800000000203
73.75200000000193
76.26000000000202
74.96400000000197
75.01200000000196
77.11200000000207
79.30800000000214
79.35600000000215
78.52800000000212
72.43200000000189
64.4160000000016
72.68400000000193
78.01200000000213
77.86800000000213
74.06400000000198
74.47200000000198
73.71600000000197
76.5720000000021
67.34400000000173
75.25200000000203
74.02800000000198
76.52400000000209
62.40000000000154
64.1160000000016
66.49200000000168
66.69600000000172
76.39200000000207
73.30800000000195
63.49200000000159
70.26000000000184
73.40400000000196
70.64400000000187
63.54000000000161
67.14000000000173
70.59600000000188
71.86800000000193
76.69200000000211
68.04000000000177
65.40000000000168
69.13200000000182
70.08000000000186
76.6200000000021
69.75600000000182
70.50000000000183
67.65600000000175
70.84800000000186
72.2160000000019
68.46000000000178
71.62800000000189
63.00000000000156
68.53200000000177
62.19600000000155
69.49200000000184
62.62800000000157
61.980000000001546
71.12400000000187
61.98000000000152
66.67200000000169
68.16000000000176
68.31600000000176
64.09200000000159
61.4280000000015
68.84400000000178
66.13200000000168
63.336000000001576
64.16400000000161
65.58000000000165
68.84400000000177
65.96400000000168
67.58400000000174
63.744000000001584
65.88000000000166
63.20400000000156
66.15600000000165
65.96400000000165
66.06000000000165
68.54400000000174
63.996000000001594
67.70400000000171
62.38800000000152
58.26000000000137
63.01200000000155
58.9680000000014
61.800000000001525
68.82000000000178
67.71600000000176
72.81600000000192
60.57600000000147
57.72000000000136
62.06400000000152
64.60800000000161
65.97600000000166
67.62000000000172
58.7880000000014
58.71600000000141
66.02400000000168
70.26000000000184
65.43600000000163
57.444000000001346
58.26000000000139
56.16000000000132
55.2120000000013
59.83200000000148
66.90000000000173
67.39200000000174
64.63200000000164
63.08400000000158
65.36400000000167
65.24400000000166
65.56800000000167
65.54400000000169
61.476000000001505
64.33200000000161
58.16400000000139
53.65200000000121
63.69600000000158
58.3560000000014
66.00000000000168
63.32400000000157
66.26400000000169
57.648000000001375
66.1320000000017
64.34400000000161
68.91600000000179
63.204000000001585
58.00800000000138
58.776000000001424
59.616000000001456
66.46800000000171
68.9160000000018
65.50800000000169
57.63600000000139
59.01600000000143
55.71600000000131
59.76000000000147
64.92000000000165
65.05200000000166
63.42000000000161
63.084000000001595
61.95600000000155
64.20000000000164
66.50400000000172
65.73600000000167
62.98800000000158
64.81200000000165
64.41600000000163
62.78400000000156
60.132000000001455
59.30400000000142
56.97600000000134
62.28000000000154
58.9560000000014
57.90000000000136
62.52000000000153
53.376000000001184
56.004000000001284
56.00400000000129
55.10400000000125
55.53600000000126
55.03200000000125
62.808000000001535
63.19200000000155
60.84000000000146
60.57600000000145
58.584000000001375
57.12000000000133
62.40000000000154
62.736000000001546
56.76000000000132
58.2360000000014
63.26400000000159
56.364000000001326
61.932000000001544
56.412000000001335
55.248000000001305
56.73600000000136
58.88400000000145
54.66000000000129
60.060000000001494
57.74400000000142
63.68400000000162
64.62000000000164
64.05600000000163
58.896000000001436
61.28400000000152
61.06800000000151
61.76400000000152
63.312000000001625
63.4200000000016
60.936000000001506
58.71600000000143
64.09200000000163
60.6600000000015
58.0080000000014
58.41600000000142
61.82400000000154
55.87200000000132
54.00000000000125
55.92000000000131
57.132000000001355
50.28000000000112
58.75200000000142
58.2480000000014
59.50800000000145
55.620000000001305
58.30800000000141
58.42800000000142
60.75600000000151
55.75200000000132
51.60000000000117
56.52000000000135
58.968000000001446
60.67200000000152
53.44800000000125
58.52400000000144
57.80400000000141
55.584000000001325
57.060000000001374
56.58000000000135
56.77200000000137
55.89600000000132
56.78400000000137
55.93200000000133
55.0320000000013
58.04400000000141
54.80400000000128
54.360000000001264
58.99200000000145
56.05200000000133
56.08800000000132
59.34000000000145
56.916000000001354
55.47600000000131
55.08000000000129
57.32400000000137
55.5360000000013
54.74400000000128
57.06000000000135
55.908000000001316
56.076000000001315
55.992000000001305
57.39600000000135
52.82400000000118
53.54400000000128
55.188000000001296
56.748000000001355
57.804000000001395
53.856000000001295
55.116000000001314
53.916000000001254
56.20800000000135
55.344000000001316
54.384000000001286
52.476000000001214
54.25200000000129
58.23600000000144
54.72000000000132
53.13600000000127
54.80400000000134
53.22000000000128
52.48800000000125
55.41600000000134
53.88000000000128
53.78400000000127
55.64400000000137
55.66800000000136
55.212000000001346
53.41200000000127
53.32800000000127
55.680000000001364
55.740000000001366
56.844000000001394
54.12000000000128
54.07200000000128
53.844000000001266
54.61200000000129
56.71200000000139
52.78800000000124
52.464000000001235
55.64400000000135
55.260000000001334
55.776000000001346
55.056000000001326
55.77600000000133
51.81600000000118
52.176000000001196
56.004000000001334
52.20000000000118
52.16400000000119
52.53600000000121
52.51200000000121
52.476000000001214
48.57600000000106
51.85200000000119
51.85200000000119
52.32000000000119
55.11600000000131
52.30800000000121
52.4160000000012
51.816000000001175
51.804000000001174
51.76800000000117
54.072000000001275
54.51600000000129
54.12000000000127
53.77200000000125
51.31200000000117
52.04400000000118
53.54400000000123
53.72400000000123
50.3040000000011
50.83200000000113
47.184000000001
49.152000000001074
52.39200000000119
51.91200000000116
52.26000000000118
53.148000000001225
50.988000000001136
49.08000000000107
51.84000000000117
51.79200000000118
51.648000000001154
51.67200000000115
51.61200000000116
51.62400000000116
51.62400000000114
51.18000000000115
51.46800000000116
51.09600000000114
51.864000000001155
51.24000000000113
51.960000000001166
51.68400000000118
52.14000000000119
51.32400000000115
52.284000000001186
51.780000000001166
51.90000000000119
51.76800000000117
50.832000000001145
50.05200000000112
50.064000000001116
52.18800000000119
51.79200000000119
51.8400000000012
50.880000000001154
48.80400000000106
51.28800000000116
51.34800000000118
51.46800000000117
49.968000000001105
51.072000000001154
51.12000000000115
51.16800000000114
48.92400000000107
48.81600000000107
51.56400000000118
51.42000000000115
50.95200000000114
51.34800000000115
49.02000000000106
49.9560000000011
49.14000000000107
49.29600000000108
49.17600000000107
49.90800000000109
51.21600000000114
48.04800000000102
46.66800000000096
46.62000000000095
49.11600000000104
49.36800000000105
50.12400000000109
50.004000000001085
49.14000000000105
49.272000000001064
47.08800000000098
48.54000000000102
49.06800000000104
49.04400000000104
47.868000000001
49.21200000000104
48.82800000000103
48.25200000000102
49.22400000000105
50.1240000000011
50.62800000000112
49.116000000001065
48.55200000000103
48.63600000000103
47.83200000000101
47.83200000000101
49.032000000001055
49.08000000000107
47.80800000000102
46.58400000000097
48.01200000000103
48.96000000000106
48.85200000000106
48.70800000000105
48.73200000000106
48.732000000001044
49.50000000000108
46.47600000000097
46.36800000000098
46.34400000000098
48.64800000000107
48.70800000000107
48.63600000000107
48.81600000000108
46.752000000001004
48.696000000001085
46.632000000001
47.22000000000102
48.408000000001074
47.11200000000101
47.316000000001026
47.076000000001
47.08800000000101
47.04000000000101
47.61600000000102
48.39600000000105
48.264000000001055
48.42000000000106
48.43200000000106
48.36000000000106
47.928000000001035
47.712000000001034
47.74800000000103
48.04800000000104
48.08400000000104
47.652000000001024
45.948000000000945
47.62800000000103
47.86800000000103
47.86800000000104
47.92800000000105
47.568000000001035
45.312000000000936
46.87200000000099
46.872000000000995
45.46800000000094
47.74800000000105
45.46800000000095
47.652000000001046
47.18400000000103
46.68000000000102
46.668000000001015
46.94400000000101
47.11200000000103
47.12400000000103
47.100000000001046
44.91600000000096
47.112000000001046
46.41600000000102
46.95600000000105
47.10000000000104
45.52800000000099
45.984000000001
46.63200000000103
45.708000000000986
45.312000000000964
46.52400000000102
45.396000000000974
46.812000000001035
45.52800000000098
46.308000000001016
45.384000000000974
44.08800000000092
45.456000000000955
45.96000000000097
44.30400000000092
46.116000000000966
41.96400000000081
43.9680000000009
43.98000000000089
44.0760000000009
45.168000000000944
45.22800000000094
44.28000000000091
45.85200000000096
45.22800000000093
45.33600000000092
45.840000000000956
44.43600000000088
45.26400000000092
45.92400000000095
43.17600000000084
43.22400000000082
43.22400000000083
43.09200000000083
43.76400000000088
43.896000000000875
45.14400000000091
45.04800000000091
43.78800000000086
42.79200000000082
45.07200000000091
45.00000000000091
43.65600000000087
43.668000000000866
43.380000000000855
43.284000000000866
43.84800000000088
43.392000000000856
43.34400000000085
43.39200000000085
43.23600000000084
43.44000000000084
41.70000000000079
42.948000000000846
42.756000000000846
42.768000000000846
43.692000000000874
42.60000000000083
42.54000000000083
43.16400000000085
42.62400000000083
42.67200000000082
42.62400000000083
41.74800000000079
41.28000000000078
41.6760000000008
40.896000000000775
42.46800000000084
42.48000000000085
40.932000000000784
40.78800000000078
41.520000000000785
40.86000000000076
41.42400000000079
42.74400000000084
40.89600000000078
40.77600000000078
40.89600000000079
40.776000000000785
40.740000000000755
40.70400000000076
40.75200000000078
40.76400000000076
40.860000000000774
40.40400000000075
40.42800000000074
40.38000000000076
39.57600000000073
38.076000000000676
40.35600000000076
39.72000000000073
40.46400000000076
39.756000000000725
39.50400000000071
35.76000000000056
39.504000000000694
37.620000000000616
38.460000000000676
38.01600000000066
38.004000000000666
37.44000000000064
35.78400000000057
36.012000000000576
35.54400000000055
35.55600000000055
34.74000000000052
33.372000000000476
33.960000000000505
34.95600000000054
34.116000000000504
32.22000000000043
25.524000000000278
31.560000000000425
30.492000000000395
30.792000000000396
31.968000000000423
30.8520000000004
30.90000000000041
27.24000000000035
29.124000000000382
29.268000000000384
28.860000000000376
26.136000000000312
25.968000000000306
25.392000000000294
24.396000000000285
19.956000000000195
23.388000000000265
16.020000000000117
11.19599999999999
10.295999999999962
8.783999999999924
7.919999999999902
5.243999999999974
3.756000000000003
1.4640000000000009
0.3840000000000001
0.3000000000000001
0.19200000000000003
0.132
0.12
0.11999999999999998
0.11999999999999998
0.12
0.12
0.12
0.08399999999999999
0.11999999999999998
0.19200000000000006
0.12
0.08399999999999999
0.12
0.132
0.08399999999999999
0.08399999999999999
0.132
0.10799999999999998
0.08399999999999999
0.08399999999999999
0.11999999999999998
0.12
0.12
0.08399999999999999
0.08399999999999999
0.08399999999999999
0.08399999999999999
0.08399999999999999
0.08399999999999999
0.08399999999999999
0.12
0.08399999999999999
0.08399999999999999
0.12
0.08399999999999999
0.08399999999999999
0.11999999999999998
0.16800000000000004
0.26400000000000007
0.4200000000000001
0.4080000000000001
0.30000000000000004
