6.162743061247422
5.866708792328419
4.960567312597119
3.903818826013834
3.4448173025526634
3.096984199827024
2.575725451043247
2.3815552409230216
2.645900492971943
2.293606146205244
1.9658160386087338
1.9060349686322535
1.655852242177615
1.602586137186687
1.6404796550297278
1.35043740654961
1.2093277366031003
1.1125698624002616
1.1064829168849166
0.9398459972212485
0.9350537382155145
0.9250672314326965
0.9089206558919302
0.9401222359704913
0.8221203994138001
0.8066383602543826
0.7428323151428126
0.6946598803621677
0.6647483424120088
0.7008599933877963
0.6495895811319801
0.6281010980808062
0.6534209737142884
0.595697367239612
0.656526383867578
0.5530146667044437
0.5246361716024013
0.4358903392251182
0.36243400076848314
0.3725596125484333
0.35324000841923087
0.35064141163347107
0.376363094579349
0.42607866629047103
0.45338326753237823
0.3669277331438796
0.4313590824219643
0.3779069346807568
0.41028044277014397
0.436837445478938
0.44971713352527953
0.5549556611605135
0.5820683066177896
0.5081554781678526
0.4845143564516551
0.5509352589292464
0.551163201505069
0.5254698123085288
0.5216387654964613
0.45925935775810883
0.46536716255407345
0.4971344618123615
0.4620239804950827
0.5006198613041886
0.5384116322319665
0.4917057991879735
0.49153239305094854
0.5691625053208282
0.4995182278242197
0.561868596425648
0.5476350181822248
0.5397234293720082
0.6104517292126342
0.654448824616047
0.6790609067009737
0.7674405432623196
0.7602723494222522
0.8202150293922185
0.823660559702896
0.8479118866931482
0.8630936981015099
0.7955116445379655
0.8749020642206827
0.8437007411358423
0.8267717567597808
0.8607841084155091
0.8681843823602148
0.8231653892780451
0.9423418892873942
0.8549442500600538
0.8707781780733943
0.8183450124139973
0.8019119735955943
0.8936007924131185
0.9885724463968172
0.9737444070437155
0.9684556656706464
0.9211753686081566
0.8265076763130667
1.0152881371134885
1.0456964176866765
0.9868147182847279
1.1422723685777392
0.9204542973067388
0.9104526300238329
0.9847052026127094
0.9735016786496322
1.15931474547179
1.180310177226457
1.0523137463342267
1.1201028925355587
0.9237472181417089
1.127495349210025
1.1883339506295383
1.1530632676037558
0.998469919721688
1.118414872176228
1.0121553963994405
1.2339154204665128
1.1867804483466735
1.1161250283456419
1.2106990705821388
1.2910172203949772
1.3632253854099807
1.396660378219572
1.2684272074060445
1.390532392617062
1.3161363784676616
1.4112994988004117
1.3322379433820908
1.3322199378686337
1.2738789273026356
1.3252936191790596
1.3795940739692614
1.377960198972572
1.4216179598308567
1.3695798653903717
1.3957958350932973
1.3809240257149071
1.4059643154986825
1.2890562324312334
1.363156325871333
1.3472764447439134
1.374836182028316
1.398911609532907
1.4020761942879298
1.5451271577577232
1.4274391840433878
1.3497485242773726
1.4287518984546486
1.4168386145564078
1.5179948240045484
1.491568079558392
1.5860191978630338
1.4997847590164386
1.6237729389247437
1.578181954693078
1.5830668965928931
1.6113937843384503
1.5620781285856973
1.489879702623477
1.572300571313631
1.6290690488505977
1.5621267132160022
1.5836063937166072
1.6242538534000484
1.6591099980054231
1.6158997611526342
1.5892033809745727
1.6925193785257553
1.6951890962078033
1.4780393353246006
1.435139607343252
1.5766913837610412
1.6620873767565523
1.6381268936632396
1.7429015252421027
1.591709846284264
1.73697036919395
1.7872771003937542
1.5873445673138962
1.7057658998090734
1.7969835255395539
1.780022203497074
1.8120580784157394
1.8924617284713503
1.798222406784823
1.8032511816170655
1.8013434306637024
1.8006080318877231
1.6616415145802022
1.8561814862494372
1.867138553115335
1.8925524375005722
1.7955645079635572
1.8728244156488127
1.9441362278393055
1.947843824731824
1.759541074816206
1.9531537228955909
1.8587723196057462
1.8246472764360735
1.7952299085979155
1.8839686081914182
1.8744692727662489
1.5791422823921946
1.8742733577540773
1.8654058236349818
2.039955662886682
2.0163874040620207
1.8885590926719236
1.937161508180428
1.9460981579180001
1.9645640134342024
2.0641223809751574
2.0430209062574027
1.8231323542545033
1.9077443210944018
1.9805636731903555
2.031225856973108
1.8780283090470424
1.8796776150477565
1.990457305533648
2.041063466596813
2.0796771569010306
1.9565058431598263
2.0980615578517305
1.9979061303351935
2.142575551583104
2.103296867264981
2.031077567279609
2.0319597210053444
2.1186348527675363
1.6972500995475774
1.9314394949138325
2.173714102271926
2.1156178936428414
2.031744644842546
2.149486535065
2.0832042709607306
2.016989342068519
2.0985526517147193
2.073701465645015
2.093648655335523
2.103965499902002
1.98121899865557
2.0942188208089374
2.1237998302959737
2.117657351058695
2.1257662247411413
2.2021053474741423
2.142701555282618
2.156069175332805
1.9703833541249456
1.9057206062389334
2.1915318083343647
2.109418870648798
2.0341438092998843
2.2225752011102173
2.309891980125066
1.7940398952761238
1.9563721400066105
2.04417786104583
1.90516115415317
2.104827612444493
2.345227272347668
2.020361462578404
2.2255785635805836
2.168389672425477
2.143546032574433
2.2199684842832714
2.146872993087614
2.055807115514992
2.2437240204293474
2.14417892416396
2.269997075100261
2.2751292947879387
2.234204229664102
2.4232175673871534
2.3137842482233237
2.060486268110698
2.03985528558651
2.2779552658700872
2.115204163936635
2.1997359110797206
2.295182490562681
2.299753649884349
2.2196099317769318
2.2269132501917035
2.0448076510763085
2.002274146168781
1.989913424658425
1.9316215378858757
2.251092924286993
2.182934448552237
1.9657674935843927
2.331060529126216
2.1285812371123467
2.2121983405129892
2.3535419952636527
2.3558590678322164
2.379086488994336
2.0591051135568637
2.1741165360322614
2.0741151777839573
2.3833883723525506
2.39229034879457
2.402314654637677
2.2106659166496567
2.1186182776210645
2.1417520044193976
2.1461824906438283
2.330159603330098
2.366138057018506
2.3529181982593625
2.1932792314695524
2.1249217231318034
2.357886946299664
2.364803602262042
2.4394533311888145
2.386267733801282
2.511860336986437
2.4229814083049286
2.3295879306754115
2.5010899510315263
2.5154241115156837
2.363153005509889
2.445494924386164
2.462873141322401
2.307471025854867
2.3177744048948017
2.3168089494474775
2.3060164638004266
2.234769045680056
2.3177229509525312
2.3374175807883195
2.2637165993081227
2.3815738774123676
2.239962825147321
2.4482467992383317
2.451548566365365
2.3535255439554605
2.360216400587838
2.2499918799604663
2.376632985686928
2.2402841994679115
2.3442324458084345
2.096963111875665
2.295250819463711
2.3137516269966567
2.509031643447869
2.4357979580883358
2.3830885376259574
2.433526342252792
2.5423510669160088
2.159868228778681
2.393188103283428
2.193177715503096
2.4198934530722593
2.4290557181960297
2.468765766688592
2.2291937386690113
2.399632752792097
2.4297438777212634
2.2730516930569644
2.262303396444304
2.463380805612907
2.0667830845995168
2.278747707104663
2.542763142909537
2.4220168166081333
2.3911978472639928
2.3856965300060997
2.3496243363079237
2.4019985393750916
2.1522980070623596
2.1538218262265665
2.179911199119449
2.1870999408290537
2.3624946600102263
2.1864049265343044
2.217298050339246
2.4127766125593246
2.4324239218983075
2.42764474902896
2.165453207619476
2.3651904184811094
2.234095293708153
2.2650656140752523
2.325420246181469
2.3278135882439464
2.273631813437263
2.4411697899333555
2.331119905076327
2.1230338038773757
2.366040082367442
2.130474545339529
2.120252320575671
2.179484486737892
2.116417407012794
2.2144439967832854
2.0947022140543425
2.4329917089421325
2.4547206565542172
2.428368139078239
2.248419692614797
2.1000604812295074
1.9117352333578177
2.054125998348389
2.4335008600050885
2.2573657668121405
2.245542659821678
2.5252913840128937
2.341433021849443
2.233298175480248
2.151551552953939
2.17743042056104
2.1820485452594727
2.1684656746613653
2.1908212949928907
2.1786974714636584
2.2952816466535055
2.357381232549413
2.343292748994241
2.3363493061120515
2.033169257649661
2.3570872671307592
2.365331021273224
2.168630152163254
2.2429953565038794
1.7093607331305798
2.1203932786755137
2.3761603876746324
2.2777055506800106
2.1328481409683477
2.2982333456032458
2.056556303209887
2.245688119409321
2.3027064466530045
2.296965445190273
2.418430634813947
2.272829528998696
2.3025839219274093
2.2798053989083127
2.36921169128123
2.2820120890611557
2.2912686583349493
2.1195418154200474
2.11749817785603
1.9607301077736687
2.3053301807178017
2.1784884799768927
2.153623634528964
1.979619145427982
2.1958752835586393
2.319912432782397
2.0950440299648547
2.268995462940505
1.7746876665093279
1.9684758107223537
2.2029098065673867
1.7490352528203363
1.7209024786530152
1.9594236009777073
2.219845831002698
1.8284977527095152
1.8025440298125857
1.7834507170721858
1.7744445580731096
2.164587604223339
1.8018888211248743
1.8268910816899402
1.863195899452736
2.2348394252638086
1.8830184091488555
1.897489813713458
1.900073462559775
1.8003764501791726
1.878981895903457
1.8982970077362444
1.6251487085070924
1.882195039282958
1.9223173107792373
2.0948117830402655
1.8976434016896662
1.9073787293845128
1.883388476118386
1.8905411016943836
1.8457747435128062
1.8420371444307153
1.8723555933477305
1.88063026053044
1.6520908472307578
1.6259903231601833
1.8467231344803157
1.8683776561527545
1.8610728850436988
1.547589735110286
1.9137630700038764
1.900358469422294
1.9050080000088518
1.6593851134768463
1.6591697178347227
1.767193088598389
1.7142927526984035
1.9573989446135636
1.9069626091006935
1.8768164703822197
1.837645745388332
1.848886470476625
1.5249516979730948
1.8036267503379597
1.95942028747129
1.8271967328483658
1.8120342241927392
1.816545237618922
1.8328261549952662
1.8333390920565602
1.6081411401777217
1.772466339433365
1.8452698158535403
1.834751600972677
1.4260827379035694
1.5058090821746144
1.7179694156118237
1.635485589158966
1.614390335526938
1.6246769224420705
1.6302440680986638
1.7624767850987457
1.6474426275802396
1.5976627589032557
1.9379371693352727
1.5918414251708473
1.6900067094231688
1.6367260973758893
1.4171242545063798
1.4046394667309612
1.601149333308131
1.723448757732581
1.6491449843832615
1.693890291896044
1.4483833202572534
1.4536861965647037
1.4942219594655517
1.508025030851373
1.5077753608626683
1.528012617340433
1.6145337781714058
1.512213518666451
1.4915646635142876
1.47790747926775
1.3749665738222958
1.3586452143447367
1.4882635800582524
1.381789116751951
1.2282033915918316
1.5392223301241916
1.3189816877964136
1.2858045636133564
1.348280127806012
1.3227227593675097
1.367350008646249
1.2837688427353635
1.3384882702650718
1.1738054020019781
1.3354540680488
1.2453981246091972
1.285730683653899
1.284658578838049
1.1580685420953105
1.0873886524538956
1.2101871053430364
1.1258749006679483
1.000758248125115
1.0560294482903805
1.0721828366619799
0.9303778121787771
1.0206274202094123
0.9330304958209107
0.8704604254241989
1.014023238423577
0.9555619553707578
0.8918798552081497
0.870610559585259
0.8771863656834638
0.873467929296014
0.8863388451921678
0.8717988667111751
0.9136036173665493
0.8247407660349614
0.7587471461895092
0.7392281580646641
0.7208150451845481
0.7834110360117068
0.7415458647414503
0.6913661303124791
0.7099943954327605
0.7888577229865773
0.7445854738947087
0.7467837226345199
0.7029139798776863
0.6999517167475495
0.6685027583085168
0.6463934592348106
0.6336430702578699
0.6048942121033841
0.6050223037618443
0.4875955144100543
0.46795340429479354
0.5200002479851485
0.5537222334939812
0.5111255071424151
0.5401528146136244
0.5413573368056106
0.5622921846771475
0.5773072605386989
0.5333774314020768
0.5123673197969102
0.45730422591159336
0.42724366398040975
0.4759498117364605
0.5280598739825274
0.523165708557461
0.5238131743990158
0.40773762208532194
0.44707802614509495
0.4946393333720334
0.5317464960055859
0.5695672124592023
0.5025978989617217
0.547007201780669
0.5361697483318902
0.49797265731445906
0.5667837451601985
0.5589110062314471
0.5108267101516573
0.48905245505081973
0.5321417785558966
0.5432479396328304
0.4891706309866514
0.5520268361304277
0.5558290663488338
0.5725420227549199
0.47313675329923155
0.5617936461581571
0.5373184395523186
0.47487745292315525
0.5523426529135935
0.54979119839908
0.5090524396448262
0.5615864372784702
0.5702524879176889
0.5399842190762486
0.5915897387536027
0.524066114594648
0.541528992608499
0.6298821445188889
0.6579220471621671
0.5405757853856673
0.5291422913941574
0.6145513149921572
0.6536030184072616
0.6623785355678817
0.6454999931413001
0.6654955746791675
0.6792210489639655
0.7490695991569519
0.7068900903659723
0.6268711230362206
0.6842212237179874
0.6651253009238611
0.689851287818252
0.648599287085297
0.662568164208059
0.672842000371643
0.6656741099499177
0.691839716417276
0.7384966977921084
0.7794794881251561
0.6179740594060185
0.6795056674410195
0.6304080422022075
0.6795441709759938
0.7008903872340726
0.7885588066136391
0.7651608200926733
0.7349649258469712
0.774394605164384
0.7584775350327058
0.8043066865338296
0.7588644677475845
0.7622452865416426
0.7196922268697118
0.7548861854184458
0.7019825661837834
0.7837696314805735
0.7068795638916946
0.7545287634743405
0.7709762958652201
0.7797241621525
0.7721915101274791
0.7797668086383323
0.6685882063795349
0.7481909034026722
0.912846921194374
0.8298899351524178
0.7944644103542505
0.8231017259143599
0.8380943656384363
0.8427318338579108
0.8508356674919308
0.8995487577287684
0.876241262625422
0.864411566061103
0.8971484145447188
0.9375702010943233
0.7410038546458955
0.8086506560732114
0.8997658935721912
0.7565875578658119
0.8756535950169001
0.8946857947566429
0.8410099529219478
0.9050447685006926
0.9117669907729075
0.8427782749590106
0.9847551063330605
0.9191603056245429
0.9322301582892154
0.9198031814741148
0.9410594238094888
0.9430351087603651
0.9111333366480772
0.9302459587944388
0.9260654603400031
0.8407325719403291
0.9432639969412766
1.0112370274397207
0.9448838661956132
0.9463171579794708
0.963092727520072
0.9705658341200314
0.9693656015579637
0.9605152735030397
0.9922061526078848
1.005948423536454
1.031301454037074
1.0262796121222115
1.0386063814645567
1.0945844603962942
1.034979639044612
0.9815790902687869
1.0566398722406807
1.0890037268025998
0.9640452092529733
0.9338748436643144
1.0478098825024758
1.052634829417036
0.9956406291494969
1.0645912104823638
1.1488627175684183
1.1495438032890675
1.0620139828342
1.0981303853416375
1.1398400977443437
1.1256935784293791
1.1263061139742792
1.0795826353978897
1.120692094894236
1.1507702030049476
1.164527032414312
1.0643980202359205
1.1544177775585405
1.0933771468216686
1.1357511230141681
1.1543430166719413
1.0508555425490813
1.1938550220551665
1.230704612731372
1.1810576553509504
1.0869051983118287
1.092470671555912
1.125294623762044
1.190593435844884
1.1053661738497804
0.9539913775568597
1.1283423147431417
1.1845188014995243
1.257230492990624
1.1963718493537872
1.1931239295454408
1.1959799820380133
1.204523826054596
1.1887576921620808
1.2639315621539498
1.1982287960630782
1.1791752222016942
1.19938207215922
1.0955676860561991
1.1699887078841127
1.2560019376645957
1.262614856232917
1.2633094375542409
1.2637514827961143
1.2271373232429483
1.238395445541459
1.2376659378555581
1.245981250753985
1.2890816958043434
1.266872547162814
1.254001422600356
1.104358389619663
1.2720658087137144
1.2918004731713064
1.302424000611305
1.2546472719410233
1.1011800786704966
1.1031457645333462
1.2455236209679355
1.2576152418330624
1.2776713264894846
1.3493058452832345
1.2520935950521799
1.3469001112602097
1.4122164930351058
1.4019861422428792
1.3526172409724815
1.0949229925460346
1.298059115262294
1.3018131972493303
1.1559236899278924
1.386902109930377
1.39463791472384
1.1261093585022637
1.1217205248850903
1.2695080520278266
1.2329728620825426
1.3997209736286336
1.385916608799385
1.2086098060931751
1.372516959155544
1.2098081065985444
1.277416668168625
1.3326089971950474
1.4921823698078989
1.23657647769414
1.1953261857429158
1.2884426093516
1.3774016195626113
1.272482049783793
1.2719493303490477
1.3955998850297302
1.3519915661415831
1.3651374696243828
1.3130761437455443
1.1846043082489572
1.27436775216798
1.3536769018921662
1.2227520980785938
1.4023995431997196
1.3329189278107052
1.3282604975005405
1.3353148731050084
1.2664875313052169
1.3966183623205424
1.4889570486721695
1.4804571659719112
1.4728304639221108
1.4746494324620532
1.3448902311577065
1.3538652441259704
1.1035521320184125
1.1579758915359752
1.3268705354219468
1.488346256705242
1.5240705558714693
1.4160901281270737
1.3178496028002002
1.4436393929824662
1.4354113319978514
1.246293297572639
1.3916522690829516
1.3461954949480686
1.3543196981906795
1.4084174115311303
1.4626563398270993
1.4353718479471913
1.5022551249673957
1.241624296936084
1.2453004281675595
1.2532039485970863
1.4163056696631866
1.4447827654043035
1.2696418725000154
1.298756016207796
1.4541259616409086
1.467765567148919
1.584888905744679
1.4231729945493494
1.4119883370929949
1.4313040541668862
1.4606709445511632
1.5744676312425374
1.3782523104768318
1.280298317926843
1.3809800230111828
1.3573184070656061
1.275098494733643
1.5094814297075743
1.5544584106104369
1.2817996198462118
1.480681385389116
1.409619935378709
1.5412506343778272
1.495228041466052
1.6149525238808131
1.6451909286850757
1.6289502064332324
1.5621197538345852
1.3822639373989403
1.5045994615068838
1.4598381841736474
1.6062372050315095
1.5667121488166376
1.6322037850879443
1.6001454715884555
1.5517976626622827
1.4979083096767838
1.5934824244973704
1.492678502119111
1.6555145874644466
1.5150136930029343
1.6423422008249993
1.5981600417113244
1.4508783614513263
1.5165944963840885
1.4839112649462787
1.5338916436364518
1.4474971451326597
1.5562662653235455
1.6122372096109538
1.5126205738132221
1.5085476564811118
1.5075014058464813
1.6249951286461861
1.5622693685356357
1.640980778004539
1.5341454998657071
1.544737470015649
1.5952663183783202
1.596356108320247
1.5724690854965944
1.5759798909880594
1.6285360276363534
1.5629470723239942
1.56745838854914
1.5554742099973025
1.5577795575125069
1.6104667218226265
1.615029488507305
1.6134309000513491
1.5838325453834838
1.5982238464592038
1.6056367990719276
1.5102954752686757
1.5859799161938308
1.6266415661423774
1.6320733987819602
1.3978425637896748
1.6479533411817968
1.6319347276011054
1.637017239751627
1.6419665363862583
1.6585996667470007
1.4118796083407288
1.5364037171808402
1.6515245345884524
1.5475926476934743
1.5987323889543426
1.6407664741137198
1.659342454866317
1.6967528232612883
1.670762257492431
1.7134694326891258
1.330659270112027
1.6722628416756016
1.5924790326319025
1.6718511123948698
1.4790629639950656
1.6141287842830114
1.6231631337801307
1.625086419011001
1.6201777905610963
1.707921561427377
1.7285800057966467
1.6323662566998909
1.666377544981109
1.635775401878925
1.6491887574825073
1.4078523612079743
1.547704219022023
1.4540749090546767
1.5163952836334171
1.564821968248106
1.659401357507116
1.5647168413962025
1.5532920875540348
1.5445601657640584
1.5403753502254809
1.6093772862888203
1.6109245427879948
1.5865573886784126
1.4024341830947482
1.4169586613067302
1.5331189878521474
1.4047067073150379
1.410170343417947
1.4566440869098796
1.5047191179256256
1.3562903913190605
1.2393609070007723
1.5473689653856986
1.5441401682548554
1.3799942374328416
1.6043563185985763
1.5434421809765881
1.5339909412895005
1.539451483948533
1.5531790363392604
1.4498944590551122
1.3612018404161186
1.2707824397380458
1.4442005156203828
1.4308150395080124
1.5723571830882543
1.563812057960641
1.566850312015643
1.5249370100288493
1.5267773310290447
1.6007801772079302
1.5439671118576181
1.4693206314746088
1.468624568190906
1.476290311131719
1.4884602862093128
1.4965593526202274
1.5000430848401232
1.421311767612213
1.4026385535773502
1.5016983839918276
1.5958005926917815
1.4290828020198905
1.4027992920680343
1.581357112776503
1.439668338572351
1.4412081490624993
1.4420847510284611
1.5575065175912612
1.3946551594003216
1.5811112085331864
1.4131065153245252
1.468529223804088
1.4591732278619438
1.494369139609141
1.4539606948172648
1.4506422030755333
1.5287365260008203
1.4621296682242748
1.4126874719179006
1.4288077622345545
1.428575150546615
1.4308222043210483
1.4265088799548868
1.4330191977868783
1.4009026049571236
1.5241990763588702
1.4601923382395823
1.4351588758942706
1.4451684562563192
1.4442859842895444
1.4734669497654131
1.2016600306191971
1.3732039710385862
1.4037640772977136
1.4089009646666808
1.449413998471584
1.4352178123559105
1.436446722852195
1.4379388948355118
1.467694308104386
1.2903979378872166
1.287676828544747
1.2812316277065796
1.2357016395387286
1.21802806569921
1.22374777421549
1.398556138082262
1.462043445194007
1.308117956491128
1.437659409759313
1.3369275035950527
1.317382609586421
1.3221192785376517
1.110754951730993
1.299448437861274
1.4245589532576146
1.1050640901389106
1.1027972597805917
1.3223784243850518
1.1260816917653638
1.130972985792882
1.1292473383605202
1.0852281189255748
1.1387770766118341
1.208716131754822
1.1722274062317528
1.1686619764597517
1.2640867974062737
1.2493511219645606
1.1594910058817656
1.014178044737259
1.0456687989873634
1.1619777994523366
1.2104474878297504
1.200126350553734
1.0630806538823778
1.0533723845904066
1.0359151962025996
1.0312897770753828
0.9691751077518677
1.0018074845356095
0.9836188348985482
1.051510784787129
0.989076896746692
1.0957804284557189
1.0004605288409707
1.017604882124491
1.0054508131057338
1.008867052443022
0.9812640686208367
1.0059457752002763
0.9682621386311205
0.9707744178187135
1.0565382817801552
1.1151529403349525
0.9064450656646351
0.8698604900506961
1.01480483650555
1.0047242129808645
0.9258598096557739
0.8800236514898563
0.8905407919907571
0.8996703559757155
0.9226477619159029
0.9244113881861267
0.9359710983629943
0.8386860927274493
1.055869531583053
1.0426778694335166
1.0486506310972905
1.0469053864663829
1.0309012839285434
0.999481231767133
1.0339628033736268
1.031547059371295
0.9435319811126027
0.854637147852373
0.9266845141186651
0.6063657133147374
0.33822380989589235
0.24090045978263452
0.2197328192933505
0.21377566966242664
0.2080825388193445
0.20267944363444096
0.19758940328534844
0.19283060944321354
0.18842008528186088
0.19358716696275088
0.2039153683200556
0.20044989038390937
0.19612462531124242
0.19178736708476155
0.19218028605373375
0.19441363827499
0.1973007366090084
0.20541240755136547
0.20116147198216627
0.20019386598291822
0.18966236833507732
0.08731504156756001
0.09258289046255348
0.08715100618735984
0.09477215315693609
0.06727550977833285
0.06820517731619224
0.07144622289521022
0.08079730592562234
0.07889503389977706
0.10541808102197679
0.10898293284802268
0.10806071745839112
0.12194953483369707
0.12045197745183317
0.1271892233337185
0.13534622052833217
0.12346983033702275
0.12487843914585861
0.1291609741479811
0.12564274425259345
0.13865536536485543
0.13532979404193632
0.1253888227206025
0.12204891581911825
0.11063610794745211
0.11981521787634265
0.09964446447361666
0.09288677294651612
0.09038003682589829
0.08074253729280424
0.07346936143398085
0.07293162488244873
0.07519731514718626
0.07376164176614854
0.07880935866485983
0.09632473117026033
0.09636632684442942
0.07228184885154004
0.08479436646812819
0.08022389623872411
0.08802739732543766
0.08917713990758344
0.0952233972675678
0.09755012993251064
0.09995204232048367
0.1046787376950496
0.10035635826822216
0.10586265763909304
0.11291674053933914
0.12077087224257722
0.11835023866083534
0.119059976341542
0.12563321447652576
0.13328807105398796
