13.345944704391147
13.363459853029001
13.358694965156765
13.371084356936743
13.38737680181448
13.376895078844575
13.363694190796627
13.357252939896565
13.36473330908333
13.316495336840772
13.304651866143812
13.312573368689204
12.69391890452361
12.703742671959992
12.717352941607885
12.724599541618957
12.589236451827052
12.580003991042354
12.582316396279444
12.573400651277932
11.941807898922521
11.928960375096578
11.959029617269094
10.834756532363533
10.831737372844346
10.819077035362588
11.20515843827413
9.767461674338264
9.763342132748098
9.761319144661316
9.738049443752944
9.585378406962556
9.72057071170485
9.567591798506212
9.727503607863612
8.510172887165687
8.045768661473357
8.48306174381346
7.943681894647558
7.9781950388424026
7.961384331421568
7.96560785305154
7.288792856962469
7.266949948302586
7.261909417910463
7.6886282196166364
6.209143321399595
6.566639983534092
7.05594901792451
6.482801763206046
6.122631184535285
6.957303723027481
7.233095251135816
6.494990721902234
6.40391554488001
6.298295951090115
6.660319924802029
6.3567118937682325
6.183925952587196
6.0573790353630175
6.429159166967637
6.627144857994067
5.823914803391937
6.128755992558628
5.332420734392014
5.844814447637331
5.357241042945312
5.396327528136637
5.375279062046502
5.599114154763566
5.3621793392275805
5.397209991167263
5.35562806337758
5.390001948567697
4.886818994551995
4.781406073452187
5.245610207457684
5.050560589326219
4.9626224660607
4.590031089865407
5.011979423173338
5.556635188676293
4.824473044837672
4.813826813069911
4.56998627276562
4.155453893690305
4.330830822211361
4.7064408667576405
5.161828756892805
4.527083932170257
4.738112247754942
4.425826872639825
4.048009682290525
4.839897672710886
4.4182693107006745
4.504504117138117
4.724330607933996
4.803402325592614
4.693375647223802
4.64945700207536
4.438456149392152
4.431852453737933
4.55068777331902
4.458918539009401
4.440202954202976
4.26301984792487
4.215030598428449
4.4092321215631305
4.270695665968193
4.5042056735450835
4.1203266159292955
3.7695092300958963
4.186364640352156
3.644693188060302
4.454983111736623
4.08083031858744
3.8523763480562963
4.4638742835636585
4.456141529906627
3.8623995378002327
3.4110999237143824
4.220431099011955
4.3361819785532285
4.310474858273901
4.343160728393186
4.372612656935525
4.186237390973019
4.368471716071441
3.3525869713232006
4.364620338809216
4.472890812375514
4.081000250913336
4.116703556181072
3.7649474773914693
4.022015122117495
4.159871051537908
4.335244093786858
4.299152165376704
4.342611576125823
4.316959867830929
3.725396457785014
4.545682177014459
4.361145604943302
3.7393757054957915
4.2800500298279625
4.309001782165201
3.6900197182753196
4.351241466940327
4.551476492143004
4.215368292377583
4.55807830491781
3.8591260415578605
3.77686618101342
3.396981591352211
3.2504739698957157
4.102945916799269
4.4188948059783835
4.043459850133262
3.190730250840606
3.567425901388506
3.606917065923795
3.4752070670400426
4.413788358474372
4.371011016560533
3.61840812217702
4.0775128839632195
4.036227471390548
3.6145573893853356
3.9476088927530797
3.545048939618108
3.951758396794829
4.129522830114819
4.379277941054471
3.5176515737216443
3.854880350612374
4.096455271134615
4.0485870857959405
4.083375610395988
4.152021841332461
4.129246031884627
4.093807571614574
3.7081742698814275
4.371306333640687
3.4114634753599495
4.047055067257004
4.129061838707435
3.852693758097054
4.467096157807476
4.330701980608653
3.9836331623404275
3.946414068559389
3.9799308393653723
4.016533058918143
4.0677641452266275
4.145390548966134
4.453942215230997
4.13257540735282
4.159245512428049
4.181746976807725
4.031119302943211
4.3059999861492395
4.355858146738993
4.10387922150804
4.0130194160813115
4.114389754554449
4.390824035633733
4.32349090517393
4.010888196094589
4.221288747597865
4.169032899091189
4.5624961718389505
3.9133780277637498
4.272002676068533
4.176075823343103
4.6524770808805735
3.9524983521169217
4.3025808716589236
3.9755358321101557
4.580545269531531
4.39401112714153
4.618276484595194
5.090066451091183
4.442253498714021
4.694630946397362
4.85486735757772
4.574644365492439
4.6793760533806985
4.593478317042676
4.797925851154011
5.05195713475419
4.842331834344534
4.940683150959236
5.217199286877797
5.076883049215416
5.200272659118473
4.875119662928095
4.987064614920854
4.992361869392356
5.105670095481081
5.1413735338799915
5.165774661109387
5.069537765907975
5.029249700957096
4.8231733212418995
5.254506558278939
4.996725832682891
4.749013213975702
4.962073453353974
5.017046491327958
5.3327865953053495
5.163929330689725
4.915207894259572
4.426426303818088
5.3697222458384
5.5720485079071125
5.247899510238679
5.349966249867073
4.606684305090081
5.2344139062925095
5.565395718862898
5.482914975524328
5.261639431154876
4.640807750814036
5.495636218649644
5.394794038899301
5.360813892406303
5.918793169934718
5.937863977515319
5.772890179860132
5.657427574267361
5.634230233893969
5.803882917370066
5.429587637275421
5.131882289776028
5.901568527139311
5.348096109245086
5.378385820549771
5.9842413111200505
5.994442802842907
6.04620606371805
5.744547170875908
5.536292897954845
5.7287072572600355
5.809256662708737
6.11348808712036
6.345266092455887
5.22986583699796
5.709687664019516
5.290337802169626
6.0280817598516165
6.278350433243971
6.339003642057302
6.185813160600961
6.274930423890688
6.148328762583601
6.045934799568773
5.579235493289858
6.452911449292934
6.004208867183575
5.623903808626068
6.093281795967856
5.680532740684541
5.691378724902232
5.5848430884872915
6.471091635197287
6.10635496638179
6.30375949160922
6.616247361429708
5.827117714716354
5.840667708411296
6.2817988115329575
6.794723594021736
5.745041992371198
6.436814041842314
5.883378743876834
6.420766996749567
5.954799092892683
6.4503606423307
6.021724353340955
6.586733043058233
6.8286529926487844
6.829048730830606
6.635755372875973
6.629857660631768
6.622007540210109
6.6791081200186015
6.167293079760532
5.914399237119506
6.2477790129069275
6.2825281031180324
6.052201668038776
6.510156544348149
7.014866043004575
7.1194690837961625
6.601524290180726
6.812324971499868
6.665812010747324
6.6451195269551455
6.671616569391802
7.055628717030922
7.5337827586978525
7.076150590066859
6.7715384282793405
7.556650912895993
7.59073331180553
6.58578077417657
7.14602343401288
6.653714113422936
6.714460840346509
7.322405904227876
6.694497010944242
7.375723120759211
7.647333205923559
7.421499565795283
7.556480345901349
7.601140580822476
7.538845696651806
7.561980903605547
7.091752329415231
7.056525614368164
6.9189717142638445
7.105326926694067
7.466992009312598
7.708714437085909
7.1089958011976435
6.719653855971259
7.189017632829264
6.735680222831288
6.593829176056554
7.335767039647434
7.836179821235805
7.528212141861725
7.357818242083221
7.4964862870660625
7.78579458480263
7.514922155731148
7.552657221816923
7.578504806742624
6.789214927727751
7.92913044076207
8.12600996275475
7.815010384167895
8.358153903370594
7.53704446930969
7.92416805224614
8.161702758872298
7.836923424321149
8.452018000721104
8.253038673852021
6.999414964583846
7.950473235415448
8.341071677271577
7.0839480577243314
7.297078032635033
7.306538082833854
7.80861089382117
7.333879357443127
8.454464574985508
8.224438127733602
8.176406203296702
8.191497158723992
7.7301853581756825
7.707548440637877
7.438935150530979
7.077714542456108
8.049157001878948
8.067337402806313
7.560551804403937
7.595506249125052
7.651866446159902
8.117060752219036
8.158231623005268
8.59895068868918
8.635661364798372
8.199810178264737
8.89609448941371
8.170847285635094
8.167428884772201
8.171484680929215
8.748748124034476
6.949588240976721
8.47492218368483
8.116199609300203
8.094288294015062
8.143517610742263
8.150431501862222
8.832330940873758
8.601415247866322
8.876371602145692
8.641453504898564
7.6567991772427275
8.453245715091093
8.775454379562552
6.955306042424757
8.984322257915519
8.944483951659707
8.967540264523326
8.994094470233566
9.024856219721695
9.145724043895177
9.169816710604398
8.559357825084206
9.117621743289154
8.908232628494783
8.721493109335814
8.905560408741382
8.575007772341651
8.20001819926088
7.653672798351533
9.166901814578178
8.960965613066108
8.995930743573203
9.53376730634069
9.492108725238433
8.897451786425027
9.660754025292437
9.13587309229227
9.682336461473431
9.60330029611351
7.714900937379924
7.738047118439395
9.360262927580484
9.640072575131255
9.387132446370453
9.414443771631424
9.427643139460097
9.749927250769977
9.733213326283918
7.961710959168907
7.855886190751772
9.140351538796757
9.939074244585758
9.96342995748243
8.025492984729745
8.69840256899506
9.224963287316765
9.668666828471824
9.45425368047505
9.704277526197803
8.253749509713826
8.255632513349495
9.347954688785292
8.337494143394885
9.8304068384949
9.959743701221953
9.498089638025071
9.486488574105666
9.777675971132263
9.916057297902666
9.267529479415845
9.903271390793625
9.859532496720524
9.912108272626256
9.796282800379682
9.349223025880725
9.095642496349681
9.8212390241336
9.520346454841905
9.153709461158094
9.184580000522445
9.937151307787474
9.386809602662721
8.227894243491738
9.400717394122257
9.981497628045759
10.018432163361382
10.025889772084199
10.05910975272789
10.05697666897484
9.770347564006844
10.114012479162298
10.383347988945346
9.035507803577275
8.725801921992026
9.334549515471807
10.161384532902032
9.435836941889924
10.160413066209701
10.178619902790706
9.220896781755762
10.314996146448497
9.164954930537494
10.250539837755692
9.60521408358969
9.252739186551628
9.26639137564642
10.311048491407062
10.336245403974901
10.339713712569727
10.011857252395815
10.378537278632795
10.40706470402041
10.446487212707973
10.436904195489484
10.45957182981859
9.99611454815443
9.64839882095696
9.767646475599854
8.69380117663831
10.053790775172772
10.517156237763846
10.12231552955497
9.691043736411284
10.557052847225805
9.770467809446881
10.173064644434142
9.92880480521512
10.396146915556058
9.978961671037228
9.919386109471578
10.66473798116641
10.020157079753874
10.577478587699773
10.019156156222339
10.06130111782785
10.618286860307284
10.142905731596269
10.141051163588504
10.149617503113923
10.63505288600611
10.175522297584672
10.721248270257377
10.41817430755893
10.73774058512951
10.26483901851168
10.970972960948142
11.029300692052198
10.15229045043037
10.162271277845731
10.646543175439593
10.685431345917193
10.7374252702235
10.703495271227062
10.698965569577041
10.545775951703517
10.946078925159254
10.601167778972808
11.09913490833581
10.766650287407728
11.206745822074796
10.505138914094173
10.525619144675346
11.200968537733106
11.093191215217391
10.375293496993825
10.402944292483651
10.387604366732019
10.754876354106054
9.987979252645902
10.014377323760533
10.842520732280557
10.848265295738127
10.868080829810179
9.84484224153624
10.841710034445605
10.950635981079108
10.985642387103653
10.886494872427539
10.468483975626778
10.49453076075445
10.859431078456685
10.896373059200442
10.111907499142932
10.952494302389052
10.462516124428559
10.139319289730663
10.159406999929905
10.481362289044396
10.99447590112427
10.537246660209554
11.02078276053849
11.049740247345486
11.072230526908406
11.045832644631451
10.368510430821138
11.106724937894192
11.434964594918473
10.430505215271502
10.48592484090351
10.843692308675088
11.196885671289065
10.773116361661957
10.543399795027739
11.256299600561112
11.26378098641251
10.590875177128064
11.492758118853976
11.346569058909072
11.366434854317633
11.355715600656648
11.034187459343203
10.408731278097223
10.429325417699719
10.444158721619827
11.411230291270996
11.439702720431244
11.451075330780567
11.464505089800348
11.0218874407552
11.694955920325503
11.529918065546648
9.397357608973993
11.560902088549966
11.584839043978151
10.639790591236336
11.683962348955413
11.96457579256111
10.661843817187982
11.774672090960273
10.682702519521225
11.656010479574334
10.741367281672934
11.591120429171387
11.604650661763731
11.603950857329696
11.620777376881021
10.75270478718006
10.76964539792153
11.660163910066133
10.80802229711611
10.828040953555966
10.83109704512568
11.742344985511522
11.804647972082039
11.79208399891458
11.826041545602576
11.825392406109756
11.835149693694136
11.873266922515263
11.85111995964926
9.837674351965623
9.866863127246727
11.817544351028335
12.175536861186888
10.783065955898829
11.328496390099836
12.130590480804043
12.0151367661646
11.91344516587906
11.909352202850119
9.92964537869033
11.929753817445878
12.189734317060264
12.237188757142674
12.22066959288652
12.281306515865774
12.27778388208164
12.260580781181616
12.27812395369622
12.277325638659427
12.263946477235045
12.291754991609817
11.938192278466381
12.296411874244765
11.842827300461169
10.613877454769915
11.907611364502669
12.34850791159967
11.913768364634166
11.90349637101345
12.427893384880939
10.355596968121707
12.001817084748778
10.632100062942946
11.261805259832045
12.028929790628494
12.05694834339662
11.234108407852185
11.274710177015198
11.322494692890967
12.353014295557415
12.197560293908197
12.42366400833342
12.642503991924631
11.37599855339842
11.797563111992515
11.306499076225627
11.819679832578114
12.60035726909231
12.35044956661289
13.079571680116098
12.583763877413286
12.579666829045545
12.599287445328244
12.59902579358169
12.610351682616354
11.965419140765652
11.951698232344656
11.988028123613654
12.08198913371758
11.997838904559528
12.107730836352856
11.519852214051419
12.003034210192034
11.530990204598451
11.832813134396472
11.644629430597794
12.069010905581816
12.407453924255506
12.063783252206413
11.921399015743383
11.9185516246356
11.909035511329874
11.966679128025095
11.558674358275603
11.669719661697549
11.977588665921985
12.33615312490077
11.765275703690579
12.072887033615672
12.328247976996684
12.345417065684522
11.763078869001898
11.75827259720625
11.750276089257481
11.739260080450533
11.695006898768426
11.706447602779594
11.715463813742977
11.72848230230314
11.725686996336272
11.736837314526937
12.220238395721887
12.080202199887246
12.24374732365349
12.197105058359092
11.787241255023941
12.21476033505716
11.805229830314028
12.440946408696139
12.161449553918384
10.614096936232798
11.908241947167088
12.177941146109037
12.276793323335815
12.812077972587137
12.363673431706822
12.07512435322248
12.098301938952796
12.110634895643303
12.394080565944122
12.27217159139645
12.133094645187258
12.13629686123159
12.147035414454631
12.460505820714227
12.146437144191495
12.493260505662649
12.472406735943915
12.164907484646
12.398184420424329
11.967167016477994
11.979341518323068
12.311190131097673
12.43443609766165
12.069761000603101
12.056241110476133
12.0891641997934
12.172693145843047
12.611576975885633
12.152101338481119
12.130305003534689
12.186062001638858
12.170791850480523
12.159374175307914
12.35237373049801
12.230525665320798
12.371616477285688
12.222119889305661
13.159635908134488
13.174753651811317
13.183666207251507
12.403191474195328
12.423867839013413
12.436970353264911
13.18066018241068
12.870275405603072
12.83658175954013
12.860095008843574
12.850119100602978
12.410775260919753
12.398155746735284
12.449288353021625
12.966669489108154
12.431243891950947
12.437545016420485
12.425469158611365
12.44251851290968
12.500355903598576
12.724131170432935
12.316592410694616
12.509003724614086
12.651469672163778
12.524910487514186
12.38737671603846
12.38409467021093
12.496036645960375
12.654103653894246
12.492548830077105
12.48191691382365
12.913878697803932
12.9270019932338
12.496505550879865
12.835595432772532
12.836586724254063
12.584930071953968
12.55288043883931
12.559652311133185
12.568925750385777
12.567387476097693
12.596238554989744
12.602164872145917
12.614740649594497
11.517331468943244
12.750964691267036
12.627233016523121
13.643300949029648
12.772663349537073
12.656506532456012
12.812181370870768
12.808926094535202
12.763681042283569
12.830209202808149
12.779845715959858
12.796732910636647
12.79230183727017
12.767419040360672
12.782796322883165
12.783618426280432
12.786282996641903
11.82809073022195
12.819722903120724
11.85048055262582
12.82938403006007
12.84761979602694
11.85774303376152
13.103938746646952
12.889966104830322
11.980426390353715
11.995594671095848
12.004343828562815
11.865451997744
11.974536303375631
11.967937502552392
13.407334575957808
13.415795560160761
13.413938703909556
11.979408706584117
13.45191654762235
11.911019998353195
11.986511029052444
11.982295337227622
12.003327054639715
12.007910881623726
13.457116683482287
13.476467004950605
12.046164162261416
13.493133371222337
13.476288308407081
12.059465430148794
13.007755892868895
12.058216818174992
12.089146105413803
12.09856139554186
12.722366610324839
12.730382030811374
12.743211487687622
12.767194974303301
13.586121110657878
13.58347860933688
12.16439295696701
13.32710658614453
13.781278161104057
13.31521600664713
12.207537594221092
12.222430682718425
13.593403301990431
13.870357809336864
13.615830642208648
13.62927955199792
13.634913887684057
13.479470610170921
13.644967552837116
13.907284588530985
13.910545575522276
13.540817725984583
13.934834983995877
13.71914413364139
13.959547226779703
13.731358633665245
13.75123427754642
13.750456208695946
13.761548025764856
13.765136310029522
13.967080550774634
12.488739999957613
12.4758629015865
13.070421928831662
12.48732094555077
12.506767949832057
13.860673507781843
14.217246437458858
12.527876827450775
13.761970551218003
12.547258222173177
13.850864847800846
13.844018960340664
13.8471538078845
13.870454892096763
13.819393244866339
13.82073277776869
13.93796352151129
13.80946287373817
13.539889985571412
13.81540058291137
13.55377726307455
13.853039759391413
13.878863406933354
13.967834411141009
13.832261204679506
13.605151707021871
13.612692765969053
13.86777254492765
13.894657955691594
14.035379883548666
13.94525562624822
13.823049839598188
13.811801128152927
14.000502229174618
13.61325845069359
14.014972084148074
14.03136095928453
13.741545198382827
14.003820973726084
14.018683946739637
13.587166427403925
13.633506452070842
14.206154042457333
13.694779831598414
13.65589702315852
13.7112845547494
13.65546006283258
13.67252649874189
13.65565833084093
14.160778556115579
14.019426580866083
14.207316594575191
14.233557025805428
13.85531621899018
14.281065765950826
14.291621177447848
14.294930653291631
13.85467607648227
13.854162375554667
13.928298676539958
13.942878466219657
13.948044243542604
14.334043135475412
13.957725731688477
13.910080273971706
13.90877587652445
12.195410165283784
12.205623220816594
13.846457317896148
13.858866501391441
12.220882340374908
12.215863936079353
13.516691871025563
12.205134452971377
13.522148216306134
12.212879188796633
13.548979949261327
13.541401356199875
13.58898069753233
13.589978171782997
13.58989331872858
13.866842529319847
13.875093067473065
13.603148724676041
13.92460997843414
12.312400347013881
12.307764500430462
12.937330308075499
13.665219543166405
13.66579562202138
13.639822859655164
13.63940906673754
13.628695265007998
13.674008055534781
13.117908694992662
14.043934070397297
14.36089366941309
12.675418152251444
13.161706202664881
12.671382584038367
12.096480984733873
12.08496402773859
12.097874598728064
12.716689206456477
13.838918988391988
13.858147410722712
13.850070909567703
13.858466995146966
13.864600283997623
13.30992251953464
12.115128961208416
14.353741803172236
12.15155010961512
12.107665477652954
12.736621167727929
12.130649391754313
12.12205260582047
12.89224309604914
12.874712467592998
12.864253348088374
14.495429539722863
13.524857168560947
12.88003083739868
12.889409405229555
13.464900285447646
14.254121583436955
12.85218014474931
12.863845053414773
12.858742584299518
12.928514555253612
11.954518030370805
12.864502227918315
12.879305788131859
12.834867226664894
12.838371548706634
12.842791002263619
12.98800840265338
12.988237748023389
12.950973467870455
12.897141791409469
12.907951497110492
12.878504571945323
12.946233869480118
12.89893576229504
12.980096833058708
12.973936876162554
12.929889925846538
12.972818901148056
12.912913924159241
12.911497415178767
12.995387536009535
12.926397330319178
12.940658692490135
12.875286596019954
12.951486050466428
12.960142241666892
12.984230177824493
13.009258899183559
12.980001864748475
13.023811783252116
13.071510918054095
13.033829954764931
13.035369276198061
12.65233407214884
12.6602310536708
12.678067675919525
12.691677372539793
12.694647621139111
13.356566076517373
12.321459348427682
12.3315828606001
13.163369582002929
13.153904301253599
13.15726606553503
12.35413769147564
12.365522789036321
13.146813563483958
12.36118906038052
12.374666930883967
12.386962100392884
12.401715641146971
12.372906961322943
12.369899280309367
12.398332326491465
12.379986374300778
12.335402033365337
12.394587601585128
12.335076574107855
12.355645923020143
12.351014565064768
12.376302347574349
12.359252531980523
12.356013505039757
12.393529223925633
12.34924926985877
12.418222010363023
12.421722295216513
12.39925670896187
12.399040198035985
12.414567330626982
12.426132874539329
12.41843582208019
12.41027359843119
12.44091735343177
12.42309611157407
12.422181093564307
12.443449084577601
12.438016991610874
12.456208425738025
12.47158771548937
12.464876613922172
14.124978770260284
12.492365245206866
12.512624590831804
12.782129053690808
12.515428740966716
12.789056452571991
12.541806985607636
12.569116164242823
12.573662187503105
12.974112450113784
12.809673538632188
12.919758183209085
12.87073830984148
12.767854532660508
12.783263387229423
12.92141211065336
12.785436106605577
13.042224433656562
12.976713681954031
12.955170880678722
12.92745485353971
12.992506326778845
12.932748659592272
12.937688480651488
12.96706065679736
12.901915646987597
12.962380463103187
12.902776106230105
13.032223416475768
13.063859024750279
13.227100437108282
13.025136552275143
12.956230039377742
12.96685096773341
12.9394414112092
12.973732616324087
12.964517520460678
12.936370090234712
13.331626852339728
12.698862283800755
12.732612491909338
12.725482920087227
12.72984420889455
13.095691248615116
12.799541611386315
12.79922574135055
12.79151914912065
12.782985075805048
13.111191500716014
12.763568855362456
12.775505357117671
12.777410898697672
12.749837323887348
12.73490723524712
13.200250029568702
13.185731744855453
13.225683601754602
13.23924869800946
12.714126048082301
12.701839867006774
12.715093010745447
12.713422110933443
12.73496962362258
12.709194988524649
12.69623598045614
14.372779424204273
13.805860211416475
12.727878557719738
12.400521025999172
12.410838977112864
12.175350174878032
12.174678400948066
12.844751793238698
12.851364182604492
12.896935923475299
12.86921455699202
13.37621602871598
12.154301755450497
12.135294171210203
13.31647174190262
12.175714033937457
12.947018767493839
12.951431945622726
12.167587427392137
12.160381439820638
12.179884321116177
12.170257493237365
13.197885125904511
13.368621624097374
13.226328467853811
12.139594693489538
12.147211378650464
12.103701298039521
13.448268033234955
13.4916049899656
13.45933687483894
11.253679892664913
13.47422900026004
13.429920518071134
13.443923600867176
13.452424242030492
12.670477247070561
13.402827995170686
12.150491055395909
12.177359305111109
12.187692611169245
13.66203620745117
13.44315902498038
13.641760367131914
13.595414158444706
13.655042446625961
13.61210416494817
11.3184540366731
13.605143922937833
11.776609653857959
11.210660762909846
11.764340424391124
11.73219949536415
11.730818630552937
11.816488145816182
11.743206603810478
11.633687796466338
13.148841203414802
13.151496709366707
13.141465664385063
11.63130884054806
11.628001455316534
13.244147824946898
11.910141706140063
11.939476931635417
11.925789688838277
11.974937735963834
12.016248145892076
11.987828225582271
11.944586463668147
11.945051474518445
12.019409596752869
12.044212087665555
12.010016665044233
12.032086403189675
13.555770344240118
11.706730936541733
11.709012487715789
11.711232743674135
11.734158830421965
11.725551716890736
11.697634840263227
11.7174958275515
11.708085101423675
11.702665804806434
11.259431049116007
11.270247499477122
11.783629070739314
11.725173368062553
11.747383994884931
11.750841822513362
11.283892097959264
11.284740104862259
11.810112332942284
11.788102637464698
11.294387557062665
11.799348396710503
11.785746647801608
11.948156913027875
13.30939391907645
13.507218189651077
13.496279040280001
13.508709045051996
13.524285751676661
13.73645215998368
12.984362372693454
12.086534648926865
12.04277973763951
12.053209081936659
12.06298015277612
12.073091764837688
12.108461503326629
12.105162624192685
12.126850676873957
12.116580398791696
12.104760810772389
12.771264651953057
12.113075895447087
12.101456171325717
12.124355561701602
12.016221103335237
12.015196112537305
12.012807980371873
12.030295440751445
12.016844491471424
12.019163318522676
12.021795450125598
12.029760538217458
12.037035280670116
12.04083014097655
12.012110922189551
12.045849402018286
12.03624521601929
9.55361065853221
12.044244863770196
12.036312261417718
9.533086616876142
12.25887617117262
12.964726815895771
12.28051773181802
10.482119471728344
10.496855236960215
9.543975705452914
9.553250636249834
10.517664363878923
9.21170751349728
13.242090430828961
9.797902316376986
13.206052245745056
9.783288010649716
9.793269177452865
13.057616520935731
9.299698072821089
9.787957934609464
9.78890665271868
9.775238110096888
12.47662952764555
9.76764149236516
9.734762682480643
9.233793731592106
9.223302982737492
9.215737648877164
9.209296715378533
9.194142042086513
9.209011795596162
9.185070821010935
9.203783093215176
9.164535685529373
9.176307236563558
9.183929979794083
9.970044254081456
10.760014698178407
9.570806501776566
9.572953672646534
9.559585742855484
9.575888945172968
9.568114854372089
9.530910737373938
9.550171118282995
8.986227609092499
9.000280560520752
8.985510999609396
8.98929859314465
9.000135332921872
9.014659119437392
9.016050250178193
9.021843702357822
12.036895775964311
9.030611981317765
11.478770900642532
9.925491054398675
9.886198198329451
9.908478320443248
9.88276729546463
9.909045682730042
9.890098569798013
9.827672929500432
9.943312376821584
9.874868327716566
9.86138636023994
9.854335849830616
9.844146163627826
9.80195155794453
9.830731643197396
9.817203315213234
9.854827731039508
9.844275068785471
9.858608120102984
10.302475656739714
10.060262669582212
10.214149915418451
9.43327863756991
9.95970869479126
9.43738356792115
9.418538950258984
9.429073818006009
9.450472301556674
9.445129894940704
9.438246094708582
9.435519023455324
9.441032481164385
9.418296597646885
9.4348033851516
9.439825234033998
9.431945782831093
9.462660313523854
9.441171098070198
9.437372989808463
9.438994098896417
9.436437604556023
9.436366316148858
9.421298632909748
9.443466424980693
9.450617541693301
9.466349546150687
9.454863022037172
9.416394593115491
9.405890120330659
9.415055773255894
9.427152390527906
9.431851742609439
9.467102585256846
9.440030081790926
9.505846677699608
9.179977876063788
9.486630898284737
9.459123992603311
9.475559982603201
9.478487421519972
9.519437347366777
9.461192506240627
9.501674713532998
9.489817766199476
9.484739752197163
9.532416862307048
9.510174173599149
9.510274198107656
9.52762110451519
9.524088950663463
9.585714139071307
9.605288337989272
9.734603986909725
9.568428100258537
9.56911742076862
8.744495525992813
9.71235080960415
9.697054962828119
9.561427942351056
9.581512882349376
9.585682760682985
9.598971073386076
9.567361587945024
9.5263603410179
9.859141455937035
10.535212013443548
9.863340079260032
9.482381350604827
9.766479957411875
9.54104963883044
9.753477334551471
9.463960534172392
9.468752742449936
9.449479219557512
9.779344972823438
9.369234982044501
9.370999367690061
9.355777762530884
9.370286173764995
9.387619119518083
9.392370369541476
9.394109244666524
9.384076966443265
9.386169599526653
9.387282537243191
9.384009171165554
9.358716666077747
9.371622882920772
9.372141629763444
9.382977495684235
9.392096928782825
9.388909209063193
9.410064062017081
9.411973836233605
9.431585708251479
9.001740622024972
8.999369310425838
9.391476469910748
9.149073957478937
9.05826154368311
9.045354696666823
9.042330096503223
9.058539334309701
9.05826096520096
9.058597586659559
9.044253457959696
9.063362626719497
9.081307187403473
9.086581610706881
9.065500706166405
9.078620222450693
9.063962881841947
9.068970214621926
9.126219255535775
9.078719410070267
9.103851707614842
9.097674097542487
9.113841513358848
9.135580284254404
9.1298024244333
9.17358869812864
9.185005290790205
9.184664349100093
8.581490337155916
8.583516760328568
9.468766204283952
9.454365304173402
9.475628173992364
9.489250464519982
9.332525626311162
9.334208218513952
9.504658779143954
9.322353139794862
9.505663516859425
9.179861922494188
9.498094839218629
9.220739571869007
9.233108839182856
9.23723211932264
9.501174446753893
9.530732378846324
9.504156764572008
9.502010049148032
9.505680443643605
8.75563238959851
9.561996269149883
9.571884110431967
8.763438436886643
9.567157190516026
9.583748331588295
9.22625965134165
9.587726873222293
9.591791707988387
8.728918231712735
8.707254106045987
9.631552001575182
9.341612107472224
9.367294073310884
9.373173824404837
9.377920715619831
9.376777599767893
9.395197553292675
9.383785382644186
9.381328157981223
9.393410450407666
9.3900698154992
9.401690061404453
9.391709997967817
9.388555871421355
9.393610146525521
9.392503176605185
9.386916418110047
9.386336969561654
9.383713013049114
9.375258374969322
9.417481103765944
9.412289820093497
9.416439862975276
8.286545886331764
9.425229301751234
9.43081661972045
8.883641760230946
9.476606666277391
8.892267269018278
9.735122671089895
9.722060234240695
9.748509724310557
8.898995530969227
8.901273738796702
8.874408182977122
9.24387220115827
8.869868647069891
8.887412113353946
8.87856835102153
9.754306277726469
8.878922939270518
8.897873732455846
8.891203577605296
8.902204511359603
8.904076098829044
8.906951988922529
8.911641305795792
8.90900904953019
8.942328719433078
8.954580801232046
8.934627200855083
8.92316865153984
8.940123821765152
9.018901768297864
8.981948093651972
8.790491835485259
8.78739909753297
8.953804853541348
8.94557155328355
8.958104186583817
8.926554127760301
8.916767476828435
8.910465469640515
8.94658433331267
8.963810034222385
8.931564108223261
8.931392383224084
8.952885741218546
8.959126467117821
8.95359044805
8.967084231576344
9.453579735992708
8.756156460615191
8.768318442357083
8.778866976802895
8.48274196700916
8.507446531222316
9.489797720421356
8.93733553854619
8.96207207850163
8.957678386041662
8.509221923672117
8.97109495854364
8.527400115015901
8.976332501712342
7.595127110390062
8.969703855826689
7.59613571697348
7.598335641031512
7.599295422713415
9.02895464047296
7.596610595851878
7.575788857729911
7.601660484520655
7.615319724191091
8.406372811525301
9.204844486037054
8.376160494261367
8.399912353944215
8.414849251077706
8.708811453907229
7.83103853716923
7.841299152108646
7.919169529035627
7.898677602888551
8.569610202672697
8.487565245496143
7.642410157427154
8.51639530257187
8.573304488214319
7.481378883217681
8.522124368187015
8.567938957273348
8.555327324936462
7.9202245076593645
7.933636509944595
7.909415442608279
7.925492260942908
7.920959706843636
7.916766631036828
7.937969362434498
7.948374827538851
8.601832271024344
8.643419711097295
8.80096214663398
8.804663043906066
7.939263246853944
8.820146302400529
8.03401660467333
8.038761475993322
8.616868873187078
8.596224108117914
8.61089666235366
7.989293004397469
8.65838080457167
7.960062285948012
7.933661835429352
7.92673660454031
8.079499001146527
8.069096700763279
8.009571771006678
8.073121519285772
8.06531817668018
8.070635111695585
8.08435995277605
8.065022961855226
8.084315118498806
8.084920690336963
8.057769192160093
8.12322277085309
8.10714608894289
8.093941889641837
8.086322973811752
8.125913424973833
8.10916318701171
8.097072051073837
8.093755780496387
8.10813569139799
8.55307010518025
8.553263642990602
8.843016412753084
8.647393529945768
8.17574276626094
7.31617841094242
8.631571713501025
8.359819973225637
7.299454343152833
8.61371206015
8.19260392961541
7.334041181295731
7.369817038705659
8.222905616592714
8.478785741907853
8.245529063066147
7.405042460853297
8.25352769368916
8.027771381890844
8.042626115770288
8.05554204658185
8.071140322157895
8.171035165703406
8.180817200627978
8.020501195024933
8.02369129554738
8.044365470898807
8.228529891108618
8.255422458439636
8.05727294384927
8.064853082471563
8.269848541139789
8.15497573431068
7.9711495503937035
8.11773864298611
8.112157661206531
8.137057680555817
8.181437279129604
8.157708369136179
8.16338713037174
8.152899798166954
8.145869259966341
7.8591747539566095
7.611701507228561
7.595806435127367
7.624498201190025
7.668070287286021
7.619421992957275
7.6490954700121865
7.6449938466669956
6.873179854259581
6.862144268695965
7.69984743817782
7.723003721366265
7.588620594740205
7.572016979809942
7.568820382573951
7.757414411258725
7.626457037890605
7.590152115791954
7.629673294127904
7.556517207296555
6.944653981214175
7.580352585077681
7.603750787105517
7.593004186860683
7.9352002466121965
7.549755987526344
7.556017168956454
7.561872114471517
7.569850891144656
7.724178210470584
7.590317286013802
7.73273608848472
7.381040628053031
7.345509029103066
7.376831935691278
7.0784483225045225
7.087350816683392
7.801766753100451
8.128696428215163
7.6281730582789535
7.6784251480310175
7.650180786136572
7.424601255977156
7.646490662596924
7.670881216238206
7.533234474556278
7.409946758081686
7.5055326487099725
7.560902861663584
7.5692614225339305
7.563876279991704
7.564999697496233
7.584641504917554
7.248498959056397
7.5810316197465415
7.311218354302292
7.295424083840286
7.319112625263061
7.32000567475845
6.978415741129078
6.9740321352931005
7.5924773698375025
7.532342402409963
7.370435347200217
6.9989832463973185
7.011354264252468
7.022457188717112
7.013081094676637
6.398159098571161
6.38516542818067
7.061489884765154
7.068368146418078
7.034703791793138
7.046435073506036
7.048280611888727
6.401039909028182
6.57386957169582
7.081794208995987
6.565622275878964
6.563999269481098
7.096350049074997
6.40425893005987
6.6800545699108325
6.6444414590558605
7.153283137069165
7.070289586795002
7.067668744049181
6.839834673200985
6.638657260383918
7.097166022715635
6.819606401394766
6.732813298273961
6.628161826987308
6.647412747628818
6.673398815051158
6.719751734605139
6.04179301527831
6.687494304418196
6.747018086659393
6.328250628156361
6.817854967442423
6.326085383502279
6.322988670138543
6.322074869024196
6.347440670048437
6.785224846846453
5.728464034538807
6.8726809438881915
6.814872967006505
6.2879635780461225
6.3132651553524655
6.319799890702407
6.221796711548588
6.333407491754562
6.140579483400019
6.154049169478898
5.988319881567452
6.220797790560888
6.236215546824525
6.251670633108133
5.5441973171240395
5.563034703921988
6.29726337848416
6.319789956565945
6.1659235110957225
6.175225758250443
6.136425757579155
6.136041472218174
5.7155366725013605
6.396327665389381
5.924474169170807
5.868625224753717
6.061047658009934
6.04260737809952
6.035982922089549
6.21097539174334
5.850379509708602
5.860905231497243
6.251460276066426
6.015764366411106
5.821898574756934
5.296225101344304
5.30197229340837
5.233900090160938
5.222970977203682
5.215349293680612
5.3099282335058
5.363412403621693
5.368992427350248
5.383719086844681
5.355932333284115
5.399283155464936
5.09776464341531
5.396734889772385
5.514286324857697
5.267441444884281
5.545483226107719
5.494594786704913
5.166352744732969
5.539107524765376
5.212165274871554
5.284703793834627
5.022636555004534
5.254207793656316
5.281803812475088
4.698714117174577
5.13838481487693
5.195263607431014
5.342195593943882
5.244391360089554
4.216252666603903
5.114016223520278
5.079101226260548
4.822080295027723
5.267594579505043
5.0508999290784935
5.260364289625957
4.468125709909355
5.0784224613897155
4.73983242421804
5.323066559679921
5.0454842291243835
4.490261025462628
5.07563374405932
4.271080193091983
4.219928696681195
4.7155237879245115
4.7272809663535895
4.2374431238299
4.195017940265984
4.209742395956789
4.486197816328423
4.545303498669335
4.198038007379109
4.769116558129041
4.891562552454814
4.528387807910397
4.339357721281567
4.2193283860433235
4.601952808990113
4.429473651018655
4.152942100553769
4.504034111077131
4.6480756998439245
4.900765229827644
4.597511160670212
4.11961430156314
4.082355583010766
4.219655128911614
4.15632742112049
4.108928679572124
4.325409950212295
4.440460737624026
4.055018341488812
4.180009405358458
3.4529703637334164
4.504469620739965
3.9642604654118148
3.8163363036758273
4.368822178897512
3.9677037534063264
4.198604953537446
3.8734646305179354
3.9608786991580547
4.242582804903467
3.92722092691304
3.9224098748153136
4.0995355175664665
4.139037683617374
4.129000732372951
4.062865701975949
4.328461058672259
3.9657579797927194
3.94093217210558
4.050898167644811
4.426361550938505
4.218106151163524
4.125179077706483
4.06295829251383
4.501559205440081
4.348724943411352
4.403720486463213
4.191723533765268
4.04948202577132
4.123934359654431
4.054098563110332
4.2048648354360285
3.637131646922046
4.095701293812191
3.746247561209031
3.6909838159895294
3.5238944380633814
3.7151283140265168
4.2232950037411925
3.8373246420786082
3.9729627170588757
3.557352844754339
4.126828168182776
4.085389047595024
3.752759658827932
3.570824462053625
3.7813651809514823
3.738158038947445
3.8811418242672864
3.907855520188234
3.7351551375413985
4.083961959023658
3.8365310879542047
3.6076553519553802
4.315292250384566
3.9762576820380464
4.030613960715075
3.9164078376022236
3.8042463662295027
3.5159888830540167
3.9817887499724294
3.9592200433503146
3.515259384647849
3.9265067462517678
4.002910176351473
4.187762421015687
3.7068474109290306
4.085617872660932
4.378242491269871
3.893341374892633
3.888793231370678
4.157018783168409
3.796319119577752
4.281536178312903
4.053722441861257
3.5616856700242128
3.7746850501501337
3.890257491225733
4.359712639812328
4.263093375982083
4.290843365764858
3.8727090262305306
4.026833576110371
4.008135968072785
4.29462840409197
4.225479095327858
3.7881060639213184
4.215468322882817
4.104431665168028
3.4877930529570498
4.080759212458218
4.237941992743012
3.977395021569834
4.201411081864232
4.374737223318684
4.482809624595151
4.4333916332573144
4.264132373389869
4.3227131022286125
4.613027696727362
4.195447398617849
4.053905150535406
4.365399452099313
4.62323674418224
4.0345787025675035
4.078395016077136
4.378187840262391
4.332038356820417
4.575309067832306
4.144066802689722
4.6284573433138725
4.446186560824797
4.176793337398112
4.8437453050880075
4.5176256652973805
4.37167953876188
4.306353027460875
4.270835886423081
4.726184567283415
4.759434374019645
4.639585364085184
3.9494108019420087
4.652044040671523
3.961187720159475
3.981622185254474
3.9940548682302897
3.9783544565566173
4.295024061160788
4.346541680187293
4.27807950520203
4.0151122830086745
4.03311477221015
4.218678568504049
4.468397629807899
4.323756178441368
4.6369023562267415
4.6261288706054735
4.37476852057729
4.8706715684292
4.585744383081307
4.670998965529056
4.676211127144869
4.895261971432261
4.981540753875449
4.985626791125239
4.569623096920487
4.732127403268334
4.652645223227244
5.055827616373643
4.848996691427195
4.8207149677511705
4.841847724650418
4.741536182703955
5.192827737871505
5.066252562011856
5.088577738049118
5.262457594308701
5.097567218510726
5.1797996740088825
5.598555496202425
4.38356001846762
4.440355880393163
4.4600224318521215
5.169276656713903
4.7360106890254725
4.935116844688358
5.363381463839696
5.101109356256388
5.019897971447607
5.04988875964341
5.191915577101568
5.0578226225066425
5.3057232690629395
4.812242138443034
4.7643980975960165
5.155587591103385
5.172420738002117
5.020386158177051
5.078323882312848
5.215551160272432
5.134075249533759
5.592377933266222
5.180187340224577
4.860886090845982
5.224085578999528
5.02368563420341
5.124470903926359
5.138569867407339
5.174272075775725
5.477514311166538
5.687969380861464
5.048661857806545
5.302637918527407
5.091611963404775
5.291795631544617
5.442910560307128
5.2683802248622476
5.435363893800166
5.360961475983211
5.4144901044971325
4.990167901330744
5.395138927124281
5.460713320883994
5.854511588064772
5.874439653996526
6.002221947962148
6.173268414108867
4.378905107285637
5.469732936201258
5.642531629042648
5.129588277764214
5.605755613330395
5.063759421494497
6.136434934912106
5.187408335205561
4.639630026847103
5.463268064519543
5.3278246749478555
6.061060488007461
6.052359505336876
5.771964239000136
5.890205748390404
5.606094890237486
6.1235971128836715
5.658808996370782
5.428622913612714
5.682330145864799
5.6943183848642684
6.2871406719556955
5.909308124135129
5.613235395939086
6.261928096175123
6.216003966914474
5.736541534737311
6.286365399502975
5.838819960138464
6.231062248320926
5.807616874726725
6.040335517652151
5.8854522148780175
5.8831102991900295
5.538599707423753
5.205009553813835
5.876332172321767
6.028020398351887
6.379315600913425
6.288335530263021
6.287656962485995
6.349880214541058
6.261602565739861
5.794290766216416
6.421172435815885
6.24128490733738
6.4230858151548045
5.840223625954292
5.531027971548627
5.971349353848837
6.242765011479004
6.470032785400158
6.21165197731326
5.697854870056994
6.5063719522420405
6.263320363892615
6.3285838811536745
5.401923193744756
5.651171602702299
6.298603589535828
5.525619315565228
5.686690024636001
5.889205962750063
6.4054530853014615
5.714177137905775
5.79921248580016
6.508962490771798
6.05746581695694
5.50669075345931
6.495117527525734
7.012598025814511
6.4221534167036625
5.8941715425431775
6.471026775854252
6.465100057496992
6.758202475893296
6.517477700463841
6.131370288930107
6.189922514646783
6.54254486840448
7.003476577541029
7.142682265802008
6.943186727210339
7.0729455298743025
7.2039806570480565
7.071936726921194
6.073620210773947
6.5137230142634515
6.875842089612465
7.073276947700175
7.110609199588922
6.920302107328639
6.934795630884251
6.65355424320807
6.520437128292005
6.787316542257414
6.98043443170283
7.210062694492477
6.6646623278223975
7.205119169103495
7.1425307686483315
7.070235261248166
6.779850795952049
6.816341470846236
6.809368452613744
6.840454597660261
6.725831972892543
6.20843421930565
6.818569089941659
7.237567402621125
6.6903262123953615
7.295790189327442
6.930962165622552
7.175611884467411
7.174468298717673
6.399447268363499
5.366904755654369
6.337825956238803
7.216098493695374
7.162993437520582
7.133344523466473
6.310981053677089
7.258401992891799
7.428727530208607
7.3349061755800795
6.858795450509601
7.576944861111184
6.919961747682978
7.11129802475141
7.41810589317744
7.37633520717538
7.40446312650373
7.009657931196287
7.417429519196329
7.325092367228879
7.168347733063256
7.660815023313363
7.439102454596343
7.239531022477973
7.589627646192133
7.601839483563336
7.412701788990679
6.933214543612288
7.459363021879996
6.94632272103309
7.645416760475807
7.419269913991131
7.01581251504144
7.686440257592005
7.376630150019683
7.673964268386184
7.682572039562447
7.201251505591391
7.526895374519623
6.555728806816116
7.782052684958782
7.121816462006699
7.377631007947889
7.378956061047834
7.336646054814468
7.477491721324907
7.87599982929464
7.776593215110967
7.804965731532444
7.448744042439247
7.477365737568324
7.463658394438703
7.961105541747079
7.981267630485108
7.5968315654262115
7.678340119977993
8.093316724388407
8.078169919524274
7.252383106160574
8.021104693380355
7.7901552000947065
7.7998320980266405
7.47694399990285
8.18235059731575
7.6746388107160595
8.323935549331452
7.845892755055063
8.097152956965884
7.875192579014376
7.868297204040286
7.760179495284345
7.9665788597184415
7.987302139251008
7.69959912772226
8.502596986546866
7.632866216980061
8.28138906302163
8.464792360543614
8.628687430636312
7.999885221379254
7.98300056209592
8.2553526284975
8.085091962135854
7.895816507639255
8.111242883447986
7.651920454488064
7.958617170707273
8.091252294504647
7.746500962399901
7.388125576085842
7.7008362747086245
8.230114232301982
7.770432930826784
8.131568670661762
8.001236745690376
7.658726009365165
8.042550294893063
7.6977773849990285
7.7024280585385085
8.036563814541955
7.819600108102883
8.221551876781373
8.433659488639254
8.411335369634543
8.170773402464526
8.438435333691439
8.300394069773308
8.394803103861014
8.45503647318883
8.472663892782467
8.388340272435983
8.054151143469102
7.4424105466608035
7.57525389730069
8.357760894938945
7.6062518194901365
8.220705526091507
8.455789897667744
8.532617571369679
8.563623150927828
8.526331625128877
8.52914369277156
8.539848808118446
8.539588568915923
8.347720400303785
8.736444301013341
8.658553734374811
7.785616814955008
8.66349378027388
8.255969452542551
8.700590050270874
7.851236331450379
8.766515091612394
8.775158609141561
8.010724708937254
8.166170792236985
8.395648367627269
8.419205436227731
8.745331807049908
8.759172221846725
9.198129271758315
8.984271114432417
8.007458335173656
8.901382463900752
8.98471809899362
9.005149231474025
7.641165098261619
8.997587819295259
9.075467944620728
9.143065538032372
8.831968865619263
8.181573798918846
8.840800667375282
8.52436501696909
9.108094784293801
8.636123110374582
8.742504062643913
9.129776877360811
8.488756267681222
8.673851083551234
8.794273814427134
8.565531281129282
8.570848349241137
9.37818181193814
8.631875615978519
8.588647468594143
7.442298131849972
9.360189849100324
8.647093728959566
8.675230653158629
8.686429189313674
8.690034977787494
9.664717083571821
8.539023019303194
8.541561221261318
8.726854989916827
8.916097439708311
8.873462449009232
8.582816154390578
7.58231797605742
9.005873203049953
8.576127764889836
8.626741395394905
9.013035417591409
8.637610513737414
8.195667922406232
8.810358783443444
8.820682302187373
9.09711689773123
9.098506191139965
9.109854043089454
8.917696628715426
9.365716038378773
8.409266511368221
9.051921227167572
9.488646844163405
9.146397305532654
8.569260505747689
8.53028671901564
9.169011753855452
9.198256488955298
9.453151430150898
8.765664890623295
9.127083278201543
9.307900919362377
9.169763457788198
8.768912163662273
9.012820287867674
9.221785705870445
9.220820400485023
9.585033553030003
9.25557903434822
9.268705578460606
9.241038969997946
9.37204622536353
9.254133976158231
9.390990415327547
9.28049726421197
9.303866155468107
9.681925934821665
9.042434083079808
9.399452027638038
9.368059601823681
9.412668986796168
9.792624983706114
9.114362202274268
10.39336973898564
9.156416481234466
9.434975359438374
10.282377929925765
9.635812459109513
9.931909427890039
9.763446682015793
9.441404720131514
9.824787665921923
9.7755625502705
9.24593911765873
10.371877034474455
9.23252190461917
9.251553227196572
9.297143868979234
9.43163656602152
9.505842027019373
9.514767056673874
9.50896319621971
9.31302521661302
10.478368972441235
9.324517096954612
9.336337803907925
8.361056735051642
9.487335387589594
9.944861338138148
9.39858551923138
9.433734857544037
9.545524581426278
10.019492700700642
9.19345716655219
8.242188844468863
7.958140420356124
9.567983844582141
6.434480348294404
9.55133845346423
9.642618733957029
10.405705027879106
10.10265539706837
9.679503848528839
10.448116551835824
9.669524346710995
9.878493176012423
9.8879500616049
10.272946961444134
9.179115662762658
9.57257492110153
10.006311344297787
10.324054312554264
9.644046167438894
10.071967888662694
10.291726536358357
10.110633530890228
10.447316485411354
9.550375948270169
9.845980396874749
9.821466618106694
9.834325895783525
10.043274491318341
9.850801716469096
9.4140857226865
9.899310604317957
9.935735062155958
9.405726871466271
9.423274350364643
9.432061931741353
9.441510771503395
9.471790919966521
9.445965953093179
9.576775524598256
9.078449290739998
9.569059051989042
9.823343758417067
9.842224062179632
9.477640451934796
10.616976563734744
11.05328772943432
9.157603845159871
9.946351616070633
9.955114681242586
9.993031419906332
9.816627759897527
9.923554138051102
10.032709227991628
10.024828648671644
10.480801330884727
10.045309955326028
9.321919958339318
10.360872285154429
10.384412288310363
10.532025680359608
8.581236756694166
10.089218380681954
10.314245467564117
9.960189738904837
10.316477035863644
10.332585557647835
10.595691226773212
8.531408171238194
10.569148907623717
10.60202657871238
10.659287864595424
10.39184897957208
9.99380868813443
9.67784954543302
9.680420073358519
10.52288035470908
8.618833036706786
6.5802950100052096
10.28294063901697
9.855296741188143
9.843688410756352
8.860454162400325
10.843470721168854
10.257618849489546
10.6576678909872
9.887681210204622
10.6553651301644
10.695300774572468
8.788803265555194
9.666854435467886
10.788877038383367
8.803429316386683
8.79514180145471
8.806124639429022
10.309272664684167
10.329610905703216
9.934876048922371
10.95232422202265
9.41477029035837
9.411011956923282
6.490931199966866
6.485445252457298
9.846739171546494
10.906157273216142
8.94828926284527
8.927863263071071
9.873931558039972
10.792837581791407
9.913798333625593
9.969425644903609
9.91679825155722
10.823058174641655
10.505381270798132
10.51663281844999
11.02098420784782
11.016688541198915
8.757220543893954
8.719726846849378
10.545455386730222
11.019338147364737
11.064175935462252
10.025405717727912
10.57012725787251
10.5248662266472
8.823982113215271
10.530768016604533
9.06806845431212
10.553566806689824
10.103216466566517
10.59033529239152
10.617033521729983
10.132204660877948
10.016307900059084
10.065532786264885
10.568651712991752
10.803008468773347
10.022289400760966
10.621726624747941
10.856851375837403
9.13726203029062
9.143068708602943
10.670481056727207
10.110099485187108
9.210836738680984
10.830600731696402
10.585320456381213
10.802538884294732
9.217187214468057
9.26011055278214
9.229305545652927
9.224558890320479
10.586894817332917
9.275723467568358
9.278872414810532
9.28633617469542
9.281330306573137
10.939742908317763
8.979756488193818
9.947041057282336
9.331626117329995
9.337145219020519
9.366122056749298
9.269866594056543
9.36050012616412
9.372105692728276
9.36852809356293
9.364495681773432
9.37039384452257
9.373992711477676
9.389039432044495
11.116061591086046
9.40175185123132
9.365351861484978
9.579925276198514
9.602688878837714
9.379950594596771
9.381645196831567
9.391653170419398
9.39448563878182
10.784595583011871
9.38465650675451
10.766671471312629
9.438110515578575
10.905500953430169
11.416070187626188
11.249661872039267
9.534396922748789
9.531644253083842
9.442910099794869
10.620693673533493
9.301030240537335
11.319068262649173
11.729452975996884
9.338132826864623
9.331898688786397
11.033242095296453
11.748442940746655
9.668776462932886
11.374035775294368
11.055854831903963
11.218758637537743
9.543292945511398
11.44237239864596
9.518452843831403
9.5734342232396
9.402122207584753
11.132578785772676
9.576954542243993
9.565119911115273
11.413963717979346
9.43964114535342
9.581422891316071
9.586348432641433
9.594439226168433
9.584214718771394
11.244968242972382
11.61658463880892
9.638182385799274
10.349220188489724
11.605234866585207
9.620257121574955
11.109034374487475
11.571408867762052
11.149069055575504
10.54186380569495
11.585885715959796
11.203049005157327
11.283741588805594
10.544081164336294
10.47714145711812
11.63616563944991
10.481983305186372
10.487550024061395
9.37799023538901
10.039044620317746
9.128527671132456
9.127938382269312
11.13970787823458
11.895631438898668
11.392774856189066
11.875332145871567
11.878397734439785
11.70158879050353
11.915496781343455
11.443044119772777
11.738218685478374
11.485255730786019
11.438666265952119
10.815286036184297
10.79435788075928
11.919409519361452
11.412903979760413
11.821796553781134
10.571827078000046
10.505553177205835
11.01318358754145
11.171144178440471
11.788250675953602
10.639952422180963
10.579016414784395
10.530678472130953
10.72254524305056
10.530858922623494
11.323893859346915
10.518215918156963
10.531373521434498
10.54619057111813
10.658255684510756
11.778976866592888
10.666587524210767
10.720033435425037
9.453731866808694
10.71287824268546
10.748877165605027
10.77559335134984
10.735535660722379
10.747163272161112
10.648782625603081
10.791569895938354
10.666464807643225
10.784156581752955
10.870727585951824
10.652472599460467
10.893593670659138
10.670021257991142
10.907094950857042
10.87293249927612
10.900813346416072
10.98684974240053
10.884100952459972
10.893653390919244
10.881545317960557
11.850537401994362
11.068269611257433
10.918074689293963
11.095579739975639
11.057450664966275
11.060731201642904
9.58252405333541
11.060083506950361
11.080289808962158
11.0719996571423
11.060588764220203
11.0825578509011
11.077676723772647
11.079480284124978
11.080921504704497
10.596555992384745
10.599155818629443
11.171651956465794
11.368684354736692
10.67345855840566
11.426731953857029
10.673702752499539
9.168449512521287
9.859201335280126
9.869720528778473
10.73005666095077
9.906185255845566
10.737791535343758
10.772890222548197
11.22661204899701
10.786708002165293
11.282017302355744
10.86160325930627
10.865572568811153
11.290421979924574
11.304193245854098
11.311372609952878
11.307683761224505
9.835744715658892
11.363548853880188
9.857517214677022
9.82513830459234
11.614317829740637
11.665301722715105
11.670346918659163
11.653322934307
11.570593298680862
11.665591600169986
11.556905189852067
11.545692852814549
11.619035335281932
11.688461043527509
11.68958826456046
11.67367155319688
11.570825471227137
9.589737220490903
11.711640676025045
11.710054002062455
11.687160427909586
9.627944596527911
11.618989218163902
9.61531951559433
11.743675269581002
10.589003941420641
10.125121314492743
10.112972413171496
10.126811497140988
10.138897401310848
9.691017584235146
10.597159364792343
10.133354033364423
10.120807503693273
11.237454034159303
10.119400333690306
10.121599422500765
10.153565854517568
9.475571861532536
10.144176042812887
10.964558427418005
11.582163751729798
10.051222946114502
10.910344985345178
11.897967178772552
9.988597594260371
9.207597724132242
10.403584054663048
9.195374794740944
9.208633527586294
11.919402382858427
10.431881429884934
10.459629529557025
11.922079588579692
10.380760648757526
10.405305254693253
10.405315039091349
11.966906516547603
11.976749552925197
11.956093183962585
12.010055924863844
10.121796961434029
10.132052457230524
10.15798193807177
12.024050897313714
10.176987352170144
10.173259801288777
12.064496873246092
12.071278375233293
12.0768197198072
12.084260631396884
12.002351676272609
11.139599855800256
11.155404129894256
11.128985145938321
11.143261015493257
11.308717828685133
10.843221580550594
11.363526615678586
12.192210343646668
10.225712160902813
10.221314127556834
10.245869880422177
10.952424940827026
10.934800601415892
10.223028499137966
10.92366173825331
11.196272157115454
10.201112757605037
10.911691533365913
10.909265473242241
10.923162005766486
10.961021249738554
10.937142400228685
10.949908498280651
12.186248675724762
10.970095245661932
10.99290613523021
10.888239851720641
11.031800699715454
11.084331299251785
11.219265033696576
10.360019084273942
10.368911312741451
10.920010465745245
10.387414159930419
11.236469535710325
11.325952549814199
11.349712114773348
10.959775532877027
10.981766187203894
10.997371631235236
10.996782684194642
11.262486770961296
11.187818394789195
10.989049411083048
11.028594850974576
11.004118551573885
11.040745321615322
10.98848472511168
10.968970053434182
11.056291389562707
10.977828136587762
11.04933868868854
11.055445199419466
11.081197379183168
11.083501597547663
11.268569952145196
11.09704065184931
10.406500383993777
11.117084035523416
11.107690304351449
11.134064902716133
10.091150211397245
11.121831740603168
11.153313535602653
10.1196009421553
10.135498856939074
11.173104695564666
11.15609647251999
10.501205735276647
10.496870342952215
10.485750687072267
11.244091204728882
11.156775881730264
11.18715514877764
11.120213383324533
11.09923267339199
11.081003664672203
11.137420622493792
10.545600364555517
10.547339379917041
10.545002408187058
11.086627109034765
10.551425014250865
10.265900674427977
10.548342648841665
10.583002285568439
10.589329734129281
10.262728548448818
10.237343513162203
10.595809553683637
10.598801595343907
10.457543362875
10.606550823624193
10.478995354211435
10.434778052559103
10.502201920921445
11.095011504756679
10.59244832754553
10.61982387374469
10.624356776310043
10.480103583993248
10.638602413610633
10.811262755383963
10.629184532516224
10.633878505554971
10.595678175503515
10.583005241795684
10.562455842709964
10.576465358631278
9.457359016631939
9.457516816260195
10.549889157831172
10.75881003968844
10.578562915387609
10.766822251140958
10.513100723206499
10.525083998543023
10.722825729558087
10.510749348291014
10.503350993659684
10.514232473275165
10.5219907518614
10.670426898669009
10.484535216563547
10.49759367914947
10.512550440114097
10.46701389159786
10.570151229274709
10.465890952853957
10.448137276419766
10.478194978269718
10.543721592265143
10.579867051169334
10.83765337252962
10.471616527402823
10.511051302808118
10.838465668710272
10.555969393383284
10.52270206606403
10.887788819867922
10.872416544652022
10.870210317793923
10.868206888522142
10.870791838831146
10.872069304990644
10.858276314704362
10.842867435759512
10.861929858473545
10.86379266590006
10.852467598558372
10.84432545461722
10.841469321012713
10.830131145457656
10.855092116033815
10.828612448973653
10.210259239050847
10.838132463666208
10.840381549453811
10.230932760863476
10.85691443594259
10.189907569844454
10.191686453880658
10.860192121977702
10.892146330548854
10.89511066390582
10.223769140357897
10.870909613902844
10.899076220863916
10.864261734902955
10.871250693122223
10.24219439095278
10.865344233463583
10.877792160913312
10.885335256856662
10.892472556288102
10.889531912576793
10.21996357765686
11.093835157763014
11.099866508887475
10.360299445231178
10.371943068691193
10.297927043790814
10.36375528251139
11.08509201077046
10.279667186203104
10.091457395711917
11.056969902925125
11.054009511321766
11.046935474336154
11.104693622326504
10.057158730503717
11.049119269573676
11.07113953072235
10.10376616644374
10.074867200009562
10.091901393974357
10.056120918353864
11.093752797517721
10.09222011716136
10.055498487928435
10.009369793188116
10.01096941803637
10.018735843707045
10.025338663332658
8.978617338283145
10.016871786593422
10.01656296148174
10.119047097398347
10.016057424541296
10.057626767829694
10.020520227796116
10.034782347671689
10.044047393371999
10.022980461817328
10.02768425624818
9.18749648144082
9.190400783450558
9.235795373216115
9.218285486310117
9.199921182168008
9.207086771590658
9.189019699807785
10.549883785338157
10.536197030464798
10.548805861803075
10.55098984513521
10.535930415245657
10.58146513671434
10.01093164036376
10.601804972815719
10.608202149817053
10.612352936348113
10.617015433948527
10.640101988274594
10.571903451195537
10.589915428919197
10.614778082569172
10.61185722397046
9.818886265946112
9.887832113948225
10.537515163912959
10.479967011671185
9.863627512436963
10.53514095837945
10.52965627699148
10.521538974520261
10.575980995331177
10.511576362299499
10.50009949768147
10.499145097483314
10.51930375867506
10.523330757746129
10.508660783065896
9.862519662718226
9.861478822211154
10.57505576089042
10.595231262717995
9.876457544324362
9.537727005144967
9.874159713522598
10.377747573945687
9.85415448769494
10.76125472595763
10.778450210610318
10.34272864213344
10.352221665539105
10.785883585689525
10.39140231402403
10.088077822185545
10.425176781789327
10.091391614134578
10.101387855229506
10.40539716490556
10.407741127288356
10.509365726857412
9.651474185571463
9.616915260050352
9.63219375972343
10.430102445606376
9.614332641006138
9.929543229790443
9.604578436215785
9.61667765540756
9.571730380817058
9.95484858566461
9.925323373608768
9.940223760560874
9.975718046995807
9.973586022095514
10.42276388779423
10.07864382550797
10.042806638782078
10.061628444933296
10.113855022455114
10.46237500373591
10.458519874733769
9.90666942975091
10.101207168985159
10.116646846075735
10.12281749364664
9.902298433938887
10.127497794553376
10.25556476862854
9.924367991642391
10.211835302622394
10.225340576296745
10.242617831688907
10.228876215267587
10.219394400461162
10.244941153291256
10.256730769726396
10.254922035028084
9.944745733887386
10.520522604919064
10.504814868475057
9.930074400158247
10.305134338402524
9.965487604625302
10.502465227879462
10.534541885743582
10.502899821311496
10.521592520548408
10.023496166465176
10.006933697157304
10.384212976912604
10.3419669871359
10.353680966172675
10.375115650462508
10.468729291446712
10.376085212845041
10.366526447673792
10.464090323580692
10.439103711931818
10.45530221267737
10.45406892968722
10.444952566020438
10.470413219608778
10.44274823586763
10.44027640681876
10.46377584729024
10.461697451710023
9.40864334278223
9.360896222642188
9.39665431180237
9.397331509548229
10.409911036468023
10.48011776501971
10.217223746154238
10.484456794307599
10.494604228446383
9.70743718893133
9.45703271029414
9.473297467290022
9.723412314660237
9.453916627966048
9.44872292273291
9.485816949921027
9.505979555865858
9.544576783367646
9.531602192068851
10.543054688933081
10.534476718395165
10.520884276504834
10.565348936661941
9.514404489485614
9.463535979026945
8.529089774086936
8.577627289175815
8.534781345172378
8.529837328782344
8.54838215619962
8.558910395556936
9.781545103734269
9.789225999147884
8.21601968576318
8.238850567189234
8.224229961594032
8.231184237284708
8.23613382745074
8.240918087303827
9.574493473451353
8.233755165154243
9.571047789411262
9.550745924651565
8.708637727784518
9.517094783580008
8.627022888320253
8.644373251483046
8.636576224822615
8.64007167847787
8.65730905016518
8.598682832968457
8.61287592346909
8.605539960776538
8.619202791637253
8.622687035002972
9.479670310178417
9.457242924554837
9.54543984788491
9.46252334554775
8.635528224868931
8.63931937350147
9.50424041580153
9.540031965726946
9.55946321833881
9.497652561957098
9.523710936978812
9.58835820545533
9.557179965805307
9.635617742725952
8.554763308107747
9.620093800259333
9.557838665091255
8.822991732402288
8.816592696228918
8.807426149903433
8.79708097804737
8.813841938622579
9.49507970654881
9.550414163024467
9.507883830704321
9.491374875500169
9.570180583791045
9.540532487258893
9.54217808736768
9.523129449837421
9.578906756568346
9.608739988296104
9.616247644485354
9.610937418399109
9.606039694155212
9.601415960248401
9.558760098152655
9.616296393800157
9.330972290182306
8.639586930185407
8.987166337708294
8.656528561369765
8.670858954003858
8.667290911732469
8.77843077484155
8.766744336173875
8.762924841891625
8.779937996982845
8.765304141490875
8.767309954495865
8.778741387890424
8.761830762655972
8.76163085304002
8.801771471012279
8.756057239851462
8.761825139674713
8.752302050826392
8.760277974392508
8.784324607322684
8.80901677974405
8.814911495379988
8.773277758917818
8.785363373667726
8.762579902540944
8.827384493779745
8.821297672719831
8.81893166002046
8.817077567123748
8.825386289051542
8.840837733810519
8.867778317053466
8.848253359283321
8.845140398562787
8.860278690634274
8.890910091383235
8.84314726380875
8.895733628977055
8.886963037456342
8.878470838023903
8.592609813618541
8.86934726844594
8.898747769626755
8.545574867701866
8.56352256927721
8.55462328323551
8.557978897819222
8.561130547773699
8.58091894569726
8.577523468997688
8.575099388580133
8.633613716523417
8.649765612684563
8.60896414389354
8.7147833374937
8.73259256229166
8.598947980083583
8.586094556420594
8.595858587612385
8.608889106919323
8.9115054098796
8.925863498781316
8.917429316019609
8.927235148449288
8.945280003561246
8.940487989533466
8.956692659477534
8.945838333514061
8.990526107531595
8.989307698759648
8.98628226800703
8.987421940078523
8.8022157389528
9.01705913601216
9.028983621667521
9.025628317838109
9.015373524062742
9.036967024239761
9.016355871467528
9.042675841218047
9.051787857296558
9.056343490173857
9.053642771267405
9.053880426745144
9.059666314963751
8.754699640380377
8.877548428645103
8.891028464371656
9.057654606904423
9.093251491029003
8.877579463759334
8.892821938542054
9.096087243913802
8.864548812689662
8.88832365996669
8.89193687060921
8.802398314806705
8.898807092187607
8.828427877258427
8.812216223756916
8.8409992390104
8.793887451522965
8.822633206194151
8.781538625758477
8.791234381073126
8.822853604505683
8.821509647031544
8.819098732964704
8.836748163909466
8.81362986272217
8.880908800600963
8.857566923464063
8.842353334361075
8.840492242818462
8.753992957844442
8.879131490892075
8.871228160967439
8.863526724772385
8.857607447874988
8.868695569680591
8.885164433040355
8.883454225274233
8.920113235483543
8.921836040716146
8.85335657677181
8.870812933773609
8.858421427188553
8.890468375095782
8.901275784165378
8.890676301233977
8.887493532975547
8.897127916353138
8.886040878636164
8.8981460641678
8.888805635035483
8.882941381591749
8.887229263482135
8.880063239086676
8.879646554799264
8.869866785311332
8.87579782119988
8.869240716861238
8.895895153728768
8.912659269329684
8.911160401807923
8.929825922241193
8.941236315822579
8.931193796974297
8.941407196217629
8.926216847042188
8.936796877905769
8.942288918259084
8.910087973502272
8.91709661018747
8.926686589099422
8.93186864444774
8.940983282263119
8.897760743722596
8.922361359749448
8.899059267169646
8.910210974963293
8.914367440444542
8.942606577822069
8.217250300337382
8.196000914908366
8.21604031686051
8.241932644784931
8.993165745429357
8.992478920881796
8.996227046908698
9.000693117652814
9.004721803956635
9.022114733450673
9.031664720631507
9.028287947160349
9.06602255778619
9.027768239079998
9.030167800562916
9.052480988388838
9.051489509872019
7.923165797735933
7.339133272216123
7.9116118920401215
8.656219167570233
8.627175358326438
8.667821375064378
7.758268809472501
7.7968891150622195
7.785243549751428
7.763134534016124
7.785112593721207
7.765902666920413
7.761335345092175
7.761106939933531
7.76693527474189
7.7658060390639045
7.764473435658999
8.157030797775063
8.163562970811183
8.119533406526457
7.817131637590848
7.8280933228399565
7.8326362848519535
7.847349696668637
7.824706852235661
7.792050204879731
7.8114431818102785
7.82664358905377
7.802796375422163
7.805216603780661
7.797649029531928
7.810512453036498
7.8038705231848295
7.797062840656145
7.813393315415529
7.824165531495135
7.762041259503418
7.777830588035093
7.777906528773886
7.767179723015339
7.790413668765754
7.822442942305188
7.81792272279775
7.802492712237863
7.808163670765879
7.803386826883757
7.831849063854572
7.833931221446494
7.5073237037870335
7.806793232132563
7.809531992509823
7.833895047473537
7.817129488675335
7.825301964154337
7.907846479714913
8.011943856688807
8.00341758832047
8.026449989079154
7.995703568129618
8.011677875413353
7.977436796454898
7.941767798638162
7.960755685770472
7.951352497376589
7.94512489832515
7.979404622625814
7.999702885586402
7.0426908030177815
7.973721684741275
7.9776021611283285
7.976396443072798
7.978913105281534
7.980292830222191
7.995661326484332
7.999215389560135
7.7951441283848
8.018660317010397
8.025149404132152
8.006354376929137
8.02961358777806
8.073521218930097
8.048837128555265
7.8747866119604275
7.232577851398324
7.9387383560034674
7.971383738923894
6.924585068028422
7.950814817329629
7.959386721762245
6.922359163290005
6.958264311442945
6.940075678262219
6.950989208649355
7.343162069342895
6.945272156451695
6.959420005748177
7.309774865050559
7.333405825431159
7.131635065258082
7.108232068794834
7.000995361416412
7.266768418271669
7.12823230948038
7.088145481451921
7.124142447361671
7.120631770567227
6.972241455005809
7.094891823693779
7.020165075709963
7.015847729627605
6.97738349035879
7.049644191065134
6.954802622047366
7.522523643835895
7.269148971522675
7.264141618054724
7.456570982761699
7.243988281608101
7.281587147812139
7.688727686146579
7.290397129432289
6.670558975076134
6.668071314216479
7.199572881897127
6.682047630249142
7.087517710712319
6.571556063810073
6.591312413625402
6.133417875403222
6.773837869925236
6.584876487670145
6.0923405264554065
6.806026312060056
6.763113928622834
6.726982067967237
6.807818057512448
6.797673195152616
7.097010574916971
7.085480707855352
7.08511976467758
6.847128777255648
6.873642937442375
6.855132639565632
6.738816641063949
6.739793724115324
6.405512460157415
6.756355113577727
6.7599110467117285
6.021073857880837
6.382124754127688
6.330975936969469
6.367118811176761
6.3298626083784155
6.706969073061094
6.488117081494404
6.532806188865795
6.437283056464317
6.54128003914801
6.434925341334297
6.434789446699581
6.475238761556472
6.541202250931316
6.402462757708994
6.356958133424164
6.513138806016537
6.487278420871685
6.407934000828145
6.004180343503024
6.54071075500237
6.546363785563415
6.429470499650651
6.391162191313774
6.411370623568332
6.422750170979799
6.425647700901189
6.40288905120049
6.41411018862294
6.122509984511356
6.360431539683002
6.408859142750664
6.419864265338205
6.426479653412344
6.445964684338379
6.2860286787999815
6.155268958316134
6.441842976297594
6.25426354323542
5.539885405990434
5.547653979597438
5.543412527709125
5.561610983623896
6.027861428615742
6.143967570052919
5.601365578883504
5.577813127492707
6.004147104958004
5.594361942607746
5.984909253368725
5.978919821169404
5.661081701632129
5.664678476434219
5.972277867061439
5.99604171892122
5.720297826973201
5.725273345041234
5.740192335428909
5.4299107017279615
5.438355223261228
5.448149110689893
5.445891370132156
5.445496047615121
5.456370940490814
5.357737798888737
5.885519021674646
5.444294141028979
5.5370099370525105
5.473796110562888
5.479385703835166
5.493816572606737
5.5419432623092595
5.528950977180739
4.7557067992828435
5.560376447619866
5.062353511219949
5.539256922604679
5.145121248392814
5.56897567607477
5.472073781002648
4.711154220987526
5.313498788835577
5.226022759908861
5.198786034745036
5.194960809413369
5.540354041421374
4.8265183707417485
5.243083709032536
5.216094869158611
4.9626580652669245
4.793377465269303
4.787206546750779
4.942199732119645
4.720540475031499
4.787714938470038
4.714848023804011
4.718428059526038
4.742571254835471
5.000105191830583
4.851383538310121
5.0061348088093665
4.738056671549413
5.218998446232937
4.931413304110086
4.902024678749595
4.915974691531757
4.684286106477382
4.814125767585845
4.812925703940727
4.807224796894483
4.8434878748781305
4.2804001659164586
4.30860434291809
4.3178493469890356
4.381104158588937
4.735805889123996
4.814947920347338
4.7564751053376
4.397547784087442
4.618429804736686
3.9581494958785775
4.476183186864561
4.482246421217956
4.229132003232652
4.315387375426843
4.313112675341167
4.324308923468535
4.237401199199527
4.227514404932565
4.488641846547506
4.180178711482317
4.237279452461288
3.9648820206527744
4.199755299063389
4.215113761540582
4.203651006949088
3.8652163590236372
3.7036077937154936
4.10650199911132
4.211768496631571
4.133437955637645
4.127706740308661
3.7700366389820816
4.168658194586593
3.3229357390754055
3.513328749056951
3.782862298637887
3.8163973997169163
3.7171497886673506
3.039207955842521
3.8371618533181677
3.362540067770209
4.011992837208588
4.029614535449668
3.386279279571237
3.608859556691855
3.690782939742882
3.070713934765322
3.7222552374441547
3.6717986451365956
3.970687568296466
3.6237169264191196
3.6244624941612313
3.505757659629818
3.5353182028330803
3.3660677079179995
3.684272373647605
3.9184779032923327
3.9605276236102354
3.2913333192774714
3.654560688042252
3.0401682127239154
3.1308606701463
3.3922351956682157
3.386432560110708
3.680022314669373
3.755904739637144
3.3309210512789162
3.5379589244332923
3.2776023324701744
3.660734589918006
3.2736178608763944
3.377076808179126
2.9390247968807244
3.485164597805981
3.036064429061764
3.388363601302601
3.542033784072643
3.7500682777039884
3.372478749417784
3.619499643842365
3.137354182550895
3.3519613820944905
3.513579286184865
3.065973195206592
3.233435989718201
3.6234107737090278
3.6850942109469553
3.5575936756718485
3.550761020648632
3.5870219113172244
3.6831584335262932
3.47714148002798
3.2838228129414815
2.986566457551369
2.8664449481388585
3.7786329168112878
3.6689637511844184
3.1126338302293366
2.9748792665493404
3.142413911907525
3.3533209743788404
3.4262467354740513
3.7262749024727078
3.2674241455313373
3.83340358664961
3.2730231002175465
3.3543649542632097
3.373532642470584
3.5306210629369157
3.2517360168303324
3.4949740079904226
3.497554184660104
3.4124170744637086
3.006334092843938
3.4164478438077324
2.5543553031861994
3.496056236615086
3.587187875344999
3.0186804753919296
3.0472431437975174
3.2639680603237378
3.2256906048660086
2.7247741631789912
3.0369976193237855
3.512788388176656
3.2241943595368925
3.5767295630528566
3.2642138023647065
3.431825005798854
3.735843739958943
3.3419764312089875
3.754715282748428
3.770387157452506
3.3989213875511055
3.153846098797425
3.6651724793011193
3.0830731671166913
3.3414795884309587
3.0886661726106994
3.210183497154057
3.9194457096714514
3.208899882658806
3.5396868972392546
3.213766921930816
3.2402152936393622
3.4493495196578414
3.6712456761604577
3.716361220465618
3.7851934248271384
3.911412189877437
3.746711724327551
3.694252555153933
3.7362961473604948
3.8431101785390505
3.664811962482588
3.889068091346734
3.4264657175364506
3.546119208947001
3.7975591112963523
3.4271747734981997
3.730375463370991
3.4597724276231223
3.267335776720994
3.4016999288560825
4.100723432808094
3.8628752415887306
3.8764802364449276
3.4797457893871884
4.122795960893689
3.798769355430982
3.573798856305893
3.580181472866339
4.236050265589309
3.5809136715521195
4.298097773829436
4.155182286151988
4.29978641571515
3.660413411116874
4.0230260065875685
3.8401688983412425
4.409525461850393
3.9741408675729923
3.816616119412772
3.744501389324537
4.034055809018677
4.105871771433325
3.886388940035547
4.171553559838212
4.188432041705629
4.284459921579539
4.313242429282862
4.267686787280933
4.172845503228075
3.8846271979367404
4.633902892998376
4.034845467096065
4.596706839431207
4.582145821848658
4.672345268948438
4.110619835383744
4.282314668726291
4.0251358609287875
4.061566624089769
3.763411327180174
4.3165395899020185
4.114395721914356
3.902320743150558
4.601705730546923
4.743152412525698
4.117724942941105
4.5457832744410425
4.618050656899368
4.577000192748351
4.815609286359722
4.602272042417759
4.410830054404731
4.715695828827134
4.924611358781146
4.664588148057802
4.488420488669162
4.619218231441802
4.570150455206766
4.5732282360889815
4.799196715413485
4.745643673429719
4.8236768958381235
4.903240440116836
4.434986671011634
4.807455236060732
4.881533665654132
5.107562815844564
4.950791473756267
4.584656641641321
4.742565951960245
5.065035294247603
4.61073780957651
4.740143322401729
5.117952105013404
5.1018404990606125
5.103410123157471
4.739319064314744
4.8688399056265474
4.73611659064861
4.942144376713525
5.014556789748526
5.03063095301573
4.895000669402414
4.806516294083529
